Nó 52 | iter_cg=19 | FO=476.900000
   veic=0 col=290 custo=144.300000 rota=[0, 16, 14, 22, 23, 25, 24, 26]
   veic=1 col=117 custo=122.500000 rota=[0, 5, 17, 8, 18, 6, 15, 13, 26]
   veic=2 col=429 custo=112.300000 rota=[0, 2, 21, 4, 12, 3, 9, 26]
   veic=3 col=211 custo=97.800000 rota=[0, 7, 19, 11, 10, 20, 1, 26]

