Nó 21 | iter_cg=19 | FO=422.800000
   veic=0 col=395 custo=140.800000 rota=[0, 21, 23, 25, 24, 3, 9, 20, 1, 26]
   veic=1 col=449 custo=70.800000 rota=[0, 5, 17, 16, 6, 26]
   veic=2 col=430 custo=118.200000 rota=[0, 12, 4, 22, 2, 15, 14, 13, 26]
   veic=3 col=139 custo=93.000000 rota=[0, 18, 8, 7, 19, 11, 10, 26]

