Nó 48 | iter_cg=19 | FO=422.800000
   veic=0 col=210 custo=135.000000 rota=[0, 21, 23, 25, 4, 12, 3, 24, 26]
   veic=1 col=441 custo=94.100000 rota=[0, 2, 22, 15, 14, 13, 26]
   veic=2 col=157 custo=110.300000 rota=[0, 7, 19, 11, 10, 20, 9, 1, 26]
   veic=3 col=237 custo=83.400000 rota=[0, 18, 8, 17, 16, 5, 6, 26]

