Nó 40 | iter_cg=19 | FO=452.200000
   veic=0 col=238 custo=158.000000 rota=[0, 14, 16, 15, 22, 23, 25, 24, 26]
   veic=1 col=173 custo=84.100000 rota=[0, 5, 17, 8, 18, 6, 13, 26]
   veic=2 col=211 custo=97.800000 rota=[0, 7, 19, 11, 10, 20, 1, 26]
   veic=3 col=429 custo=112.300000 rota=[0, 2, 21, 4, 12, 3, 9, 26]

