Clients	Orders
6	10

Vehicles	Threshold distance
4	18.0

Vehicles information
ID	DC	D	W	DWT	VL	VH	FCA	FCB	FCN	FCS	SPO	TRI	TDL	ETR
0	450	600	500	1500	8.6	10.9	28	28	216	164	0.39	1	96	4.2
1	450	600	500	1500	8.6	10.9	28	28	216	164	0.39	2	96	0.8
2	570	1000	800	3000	9.4	12.7	56	56	432	327	0.91	1	96	4.2
3	650	1400	1000	4500	10.4	14.1	84	84	648	491	1.02	2	96	0.8

Clients information
ID	LON	LAT	DCP	DCD	DD	WD	DCP_Ef	DCD_Ef	DD_Ef	WD_Ef	SET	ET0	LT0	ET1	LT1
0	-41.770	-21.830	0	0	0	0	0.0200	0.0200	0.0175	0.0098	0.00
1	-40.067	-22.547	0	25	0	0	0.0333	0.0333	0.0149	0.0179	0.67	0	168
2	-40.089	-22.359	0	18	300	0	0.0333	0.0333	0.0149	0.0179	0.67	0	97	121	216
3	-40.123	-22.561	0	11	168	0	0.0333	0.0333	0.0149	0.0179	0.67	0	141	189	192
4	-40.070	-22.439	0	10	0	228	0.0333	0.0333	0.0149	0.0179	0.67	0	96	144	168
5	-40.097	-22.487	0	15	0	0	0.0333	0.0333	0.0149	0.0179	0.67	0	82	142	144
6	-39.959	-22.425	0	10	454	0	0.0333	0.0333	0.0149	0.0179	0.67	13	144	180	216

Orders information
ID	Commodity/Quantity/Deadline
1	DCD/25/168
2	DCD/18/216	DD/300/168
3	DCD/11/144	DD/168/192
4	DCD/10/144	WD/228/168
5	DCD/15/144
6	DCD/10/144	DD/454/216

Capacity commodity assignment
CAP	DCP	DCD	DD	WD
DC	1	1	0	0
D	0	0	1	0
W	0	0	0	1
