Clients	Orders
7	10

Vehicles	Threshold distance
3	18.0

Vehicles information
ID	DC	D	W	DWT	VL	VH	FCA	FCB	FCN	FCS	SPO	TRI	TDL	ETR
0	450	600	500	1500	8.6	10.9	28	28	216	164	0.39	2	96	0.8
1	570	1000	800	3000	9.4	12.7	56	56	432	327	0.91	1	96	8.1
2	570	1000	800	3000	9.4	12.7	56	56	432	327	0.91	2	96	0.8

Clients information
ID	LON	LAT	DCP	DCD	DD	WD	DCP_Ef	DCD_Ef	DD_Ef	WD_Ef	SET	ET0	LT0	ET1	LT1
0	-41.770	-21.830	0	0	0	0	0.0200	0.0200	0.0175	0.0098	0.00
1	-40.196	-22.344	0	19	0	0	0.0333	0.0333	0.0149	0.0179	0.67	6	131	155	216
2	-40.067	-22.547	0	51	0	0	0.0333	0.0333	0.0149	0.0179	0.67	10	28	88	168
3	-39.959	-22.425	-30	36	0	0	0.0333	0.0333	0.0149	0.0179	0.67	0	72	96	144
4	-40.028	-22.372	0	28	0	0	0.0333	0.0333	0.0149	0.0179	0.67	0	90	150	216
5	-40.030	-22.467	-15	9	0	381	0.0333	0.0333	0.0149	0.0179	0.67	0	87	111	192
6	-40.089	-22.359	0	11	0	0	0.0333	0.0333	0.0149	0.0179	0.67	40	118	154	192
7	-40.028	-22.428	0	48	0	0	0.0333	0.0333	0.0149	0.0179	0.67	0	168

Orders information
ID	Commodity/Quantity/Deadline
1	DCD/19/216
2	DCD/51/168
3	DCP/-30/144	DCD/36/144
4	DCD/28/216
5	DCP/-15/144	DCD/9/144	WD/381/192
6	DCD/11/192
7	DCD/48/168

Capacity commodity assignment
CAP	DCP	DCD	DD	WD
DC	1	1	0	0
D	0	0	1	0
W	0	0	0	1
