Clients	Orders
7	10

Vehicles	Threshold distance
2	18.0

Vehicles information
ID	DC	D	W	DWT	VL	VH	FCA	FCB	FCN	FCS	SPO	TRI	TDL	ETR
0	450	600	500	1500	8.6	10.9	28	28	216	164	0.39	2	96	2.7
1	570	1000	800	3000	9.4	12.7	56	56	432	327	0.91	1	96	3.1

Clients information
ID	LON	LAT	DCP	DCD	DD	WD	DCP_Ef	DCD_Ef	DD_Ef	WD_Ef	SET	ET0	LT0	ET1	LT1
0	-41.770	-21.830	0	0	0	0	0.0200	0.0200	0.0175	0.0098	0.00
1	-40.196	-22.344	0	16	177	0	0.0333	0.0333	0.0149	0.0179	0.67	24	147	183	192
2	-40.070	-22.439	-20	23	0	0	0.0333	0.0333	0.0149	0.0179	0.67	0	57	105	168
3	-40.242	-22.351	0	5	259	0	0.0333	0.0333	0.0149	0.0179	0.67	0	115	175	192
4	-40.028	-22.428	0	8	0	0	0.0333	0.0333	0.0149	0.0179	0.67	0	216
5	-40.055	-22.392	0	16	0	0	0.0333	0.0333	0.0149	0.0179	0.67	5	115	151	216
6	-39.959	-22.425	0	22	0	0	0.0333	0.0333	0.0149	0.0179	0.67	8	74	134	144
7	-40.067	-22.547	0	11	0	0	0.0333	0.0333	0.0149	0.0179	0.67	0	104	140	144

Orders information
ID	Commodity/Quantity/Deadline
1	DCD/16/168	DD/177/192
2	DCP/-20/144	DCD/23/168
3	DCD/5/168	DD/259/192
4	DCD/8/216
5	DCD/16/216
6	DCD/22/144
7	DCD/11/144

Capacity commodity assignment
CAP	DCP	DCD	DD	WD
DC	1	1	0	0
D	0	0	1	0
W	0	0	0	1
