Clients	Orders
6	10

Vehicles	Threshold distance
3	18.0

Vehicles information
ID	DC	D	W	DWT	VL	VH	FCA	FCB	FCN	FCS	SPO	TRI	TDL	ETR
0	450	600	500	1500	8.6	10.9	28	28	216	164	0.39	2	96	0.8
1	570	1000	800	3000	9.4	12.7	56	56	432	327	0.91	1	96	0.8
2	570	1000	800	3000	9.4	12.7	56	56	432	327	0.91	1	96	0.8

Clients information
ID	LON	LAT	DCP	DCD	DD	WD	DCP_Ef	DCD_Ef	DD_Ef	WD_Ef	SET	ET0	LT0	ET1	LT1
0	-41.770	-21.830	0	0	0	0	0.0200	0.0200	0.0175	0.0098	0.00
1	-40.055	-22.392	0	6	0	0	0.0333	0.0333	0.0149	0.0179	0.67	0	101	125	168
2	-40.123	-22.561	0	29	0	0	0.0333	0.0333	0.0149	0.0179	0.67	17	64	124	144
3	-40.070	-22.439	-20	56	221	0	0.0333	0.0333	0.0149	0.0179	0.67	0	112	160	216
4	-40.028	-22.372	-21	15	179	0	0.0333	0.0333	0.0149	0.0179	0.67	0	31	79	192
5	-40.242	-22.351	0	1	0	0	0.0333	0.0333	0.0149	0.0179	0.67	0	98	134	144
6	-40.196	-22.344	0	10	0	0	0.0333	0.0333	0.0149	0.0179	0.67	0	144

Orders information
ID	Commodity/Quantity/Deadline
1	DCD/6/168
2	DCD/29/144
3	DCP/-20/144	DCD/56/192	DD/221/216
4	DCP/-21/216	DCD/15/120	DD/179/192
5	DCD/1/144
6	DCD/10/144

Capacity commodity assignment
CAP	DCP	DCD	DD	WD
DC	1	1	0	0
D	0	0	1	0
W	0	0	0	1
