Clients	Orders
6	10

Vehicles	Threshold distance
3	18.0

Vehicles information
ID	DC	D	W	DWT	VL	VH	FCA	FCB	FCN	FCS	SPO	TRI	TDL	ETR
0	570	1000	800	3000	9.4	12.7	56	56	432	327	0.91	2	96	0.8
1	650	1400	1000	4500	10.4	14.1	84	84	648	491	1.02	1	96	0.8
2	650	1400	1000	4500	10.4	14.1	84	84	648	491	1.02	2	96	0.8

Clients information
ID	LON	LAT	DCP	DCD	DD	WD	DCP_Ef	DCD_Ef	DD_Ef	WD_Ef	SET	ET0	LT0	ET1	LT1
0	-41.770	-21.830	0	0	0	0	0.0200	0.0200	0.0175	0.0098	0.00
1	-40.123	-22.561	0	27	0	0	0.0333	0.0333	0.0149	0.0179	0.67	0	86	110	168
2	-39.948	-22.447	-46	101	0	0	0.0467	0.0467	0.0128	0.0152	1.42	0	65	113	192
3	-40.067	-22.547	-27	0	0	0	0.0333	0.0333	0.0149	0.0179	0.67	0	102
4	-40.028	-22.372	-21	18	0	0	0.0333	0.0333	0.0149	0.0179	0.67	0	103	127	144
5	-40.196	-22.344	0	12	0	204	0.0333	0.0333	0.0149	0.0179	0.67	0	100	160	192
6	-40.089	-22.359	-10	23	0	0	0.0333	0.0333	0.0149	0.0179	0.67	0	123	183	192

Orders information
ID	Commodity/Quantity/Deadline
1	DCD/27/168
2	DCP/-46/144	DCD/101/192
3	DCP/-27/192
4	DCP/-21/192	DCD/18/144
5	DCD/12/120	WD/204/192
6	DCP/-10/192	DCD/23/192

Capacity commodity assignment
CAP	DCP	DCD	DD	WD
DC	1	1	0	0
D	0	0	1	0
W	0	0	0	1
