Clients	Orders
7	10

Vehicles	Threshold distance
2	18.0

Vehicles information
ID	DC	D	W	DWT	VL	VH	FCA	FCB	FCN	FCS	SPO	TRI	TDL	ETR
0	650	1400	1000	4500	10.4	14.1	84	84	648	491	1.02	1	96	6.9
1	650	1400	1000	4500	10.4	14.1	84	84	648	491	1.02	2	96	3.3

Clients information
ID	LON	LAT	DCP	DCD	DD	WD	DCP_Ef	DCD_Ef	DD_Ef	WD_Ef	SET	ET0	LT0	ET1	LT1
0	-41.770	-21.830	0	0	0	0	0.0200	0.0200	0.0175	0.0098	0.00
1	-39.959	-22.425	0	32	0	0	0.0333	0.0333	0.0149	0.0179	0.67	0	76	136	216
2	-40.097	-22.487	0	16	0	255	0.0333	0.0333	0.0149	0.0179	0.67	5	68	92	168
3	-39.948	-22.447	0	97	0	0	0.0467	0.0467	0.0128	0.0152	1.42	0	144
4	-40.123	-22.561	0	1	0	0	0.0333	0.0333	0.0149	0.0179	0.67	0	120
5	-40.030	-22.467	-15	17	0	0	0.0333	0.0333	0.0149	0.0179	0.67	20	98	122	168
6	-40.089	-22.359	0	21	0	0	0.0333	0.0333	0.0149	0.0179	0.67	0	90	138	168
7	-40.028	-22.428	0	21	319	0	0.0333	0.0333	0.0149	0.0179	0.67	45	113	149	216

Orders information
ID	Commodity/Quantity/Deadline
1	DCD/32/216
2	DCD/16/144	WD/255/168
3	DCD/97/144
4	DCD/1/120
5	DCP/-15/144	DCD/17/168
6	DCD/21/168
7	DCD/21/216	DD/319/192

Capacity commodity assignment
CAP	DCP	DCD	DD	WD
DC	1	1	0	0
D	0	0	1	0
W	0	0	0	1
