Clients	Orders
7	10

Vehicles	Threshold distance
4	18.0

Vehicles information
ID	DC	D	W	DWT	VL	VH	FCA	FCB	FCN	FCS	SPO	TRI	TDL	ETR
0	450	600	500	1500	8.6	10.9	28	28	216	164	0.39	1	96	10.4
1	570	1000	800	3000	9.4	12.7	56	56	432	327	0.91	2	96	4.4
2	570	1000	800	3000	9.4	12.7	56	56	432	327	0.91	1	96	10.4
3	650	1400	1000	4500	10.4	14.1	84	84	648	491	1.02	1	96	10.4

Clients information
ID	LON	LAT	DCP	DCD	DD	WD	DCP_Ef	DCD_Ef	DD_Ef	WD_Ef	SET	ET0	LT0	ET1	LT1
0	-41.770	-21.830	0	0	0	0	0.0200	0.0200	0.0175	0.0098	0.00
1	-40.123	-22.561	0	14	0	0	0.0333	0.0333	0.0149	0.0179	0.67	0	144
2	-40.089	-22.359	0	18	300	0	0.0333	0.0333	0.0149	0.0179	0.67	0	89	125	216
3	-40.070	-22.439	0	1	221	0	0.0333	0.0333	0.0149	0.0179	0.67	28	192
4	-40.030	-22.467	0	27	0	0	0.0333	0.0333	0.0149	0.0179	0.67	0	47	83	144
5	-40.242	-22.351	-21	11	0	0	0.0333	0.0333	0.0149	0.0179	0.67	0	154	190	216
6	-39.948	-22.447	0	79	0	0	0.0467	0.0467	0.0128	0.0152	1.42	0	54	102	168
7	-40.097	-22.487	0	58	0	0	0.0333	0.0333	0.0149	0.0179	0.67	49	127	151	216

Orders information
ID	Commodity/Quantity/Deadline
1	DCD/14/144
2	DCD/18/216	DD/300/216
3	DCD/1/192	DD/221/168
4	DCD/27/144
5	DCP/-21/168	DCD/11/216
6	DCD/79/168
7	DCD/58/216

Capacity commodity assignment
CAP	DCP	DCD	DD	WD
DC	1	1	0	0
D	0	0	1	0
W	0	0	0	1
