Clients	Orders
7	10

Vehicles	Threshold distance
4	18.0

Vehicles information
ID	DC	D	W	DWT	VL	VH	FCA	FCB	FCN	FCS	SPO	TRI	TDL	ETR
0	450	600	500	1500	8.6	10.9	28	28	216	164	0.39	2	96	0.8
1	570	1000	800	3000	9.4	12.7	56	56	432	327	0.91	1	96	9.8
2	570	1000	800	3000	9.4	12.7	56	56	432	327	0.91	2	96	0.8
3	650	1400	1000	4500	10.4	14.1	84	84	648	491	1.02	1	96	9.8

Clients information
ID	LON	LAT	DCP	DCD	DD	WD	DCP_Ef	DCD_Ef	DD_Ef	WD_Ef	SET	ET0	LT0	ET1	LT1
0	-41.770	-21.830	0	0	0	0	0.0200	0.0200	0.0175	0.0098	0.00
1	-40.070	-22.439	0	13	0	0	0.0333	0.0333	0.0149	0.0179	0.67	0	108	168	216
2	-40.196	-22.344	0	18	177	0	0.0333	0.0333	0.0149	0.0179	0.67	0	81	129	168
3	-40.055	-22.392	-21	31	0	0	0.0333	0.0333	0.0149	0.0179	0.67	0	125	173	216
4	-40.028	-22.428	0	5	0	0	0.0333	0.0333	0.0149	0.0179	0.67	12	129
5	-40.030	-22.467	0	8	220	0	0.0333	0.0333	0.0149	0.0179	0.67	37	125	185	216
6	-40.089	-22.359	0	16	0	0	0.0333	0.0333	0.0149	0.0179	0.67	0	192
7	-40.097	-22.487	0	1	0	0	0.0333	0.0333	0.0149	0.0179	0.67	8	30	66	192

Orders information
ID	Commodity/Quantity/Deadline
1	DCD/13/216
2	DCD/18/168	DD/177/168
3	DCP/-21/144	DCD/31/216
4	DCD/5/120
5	DCD/8/168	DD/220/216
6	DCD/16/192
7	DCD/1/192

Capacity commodity assignment
CAP	DCP	DCD	DD	WD
DC	1	1	0	0
D	0	0	1	0
W	0	0	0	1
