Clients	Orders
6	10

Vehicles	Threshold distance
3	18.0

Vehicles information
ID	DC	D	W	DWT	VL	VH	FCA	FCB	FCN	FCS	SPO	TRI	TDL	ETR
0	450	600	500	1500	8.6	10.9	28	28	216	164	0.39	2	96	0.8
1	570	1000	800	3000	9.4	12.7	56	56	432	327	0.91	1	96	0.8
2	650	1400	1000	4500	10.4	14.1	84	84	648	491	1.02	2	96	0.8

Clients information
ID	LON	LAT	DCP	DCD	DD	WD	DCP_Ef	DCD_Ef	DD_Ef	WD_Ef	SET	ET0	LT0	ET1	LT1
0	-41.770	-21.830	0	0	0	0	0.0200	0.0200	0.0175	0.0098	0.00
1	-40.028	-22.428	0	8	0	0	0.0333	0.0333	0.0149	0.0179	0.67	0	80	104	144
2	-40.097	-22.487	-21	45	0	0	0.0333	0.0333	0.0149	0.0179	0.67	0	130	190	216
3	-39.948	-22.447	0	118	0	0	0.0467	0.0467	0.0128	0.0152	1.42	0	123	171	216
4	-40.242	-22.351	0	35	259	0	0.0333	0.0333	0.0149	0.0179	0.67	0	29	77	216
5	-40.030	-22.467	0	31	0	381	0.0333	0.0333	0.0149	0.0179	0.67	0	182	206	216
6	-40.070	-22.439	0	27	0	228	0.0333	0.0333	0.0149	0.0179	0.67	10	63	87	192

Orders information
ID	Commodity/Quantity/Deadline
1	DCD/8/144
2	DCP/-21/168	DCD/45/216
3	DCD/118/216
4	DCD/35/216	DD/259/144
5	DCD/31/144	WD/381/216
6	DCD/27/192	WD/228/168

Capacity commodity assignment
CAP	DCP	DCD	DD	WD
DC	1	1	0	0
D	0	0	1	0
W	0	0	0	1
