Clients	Orders
6	10

Vehicles	Threshold distance
4	18.0

Vehicles information
ID	DC	D	W	DWT	VL	VH	FCA	FCB	FCN	FCS	SPO	TRI	TDL	ETR
0	450	600	500	1500	8.6	10.9	28	28	216	164	0.39	1	96	6.3
1	450	600	500	1500	8.6	10.9	28	28	216	164	0.39	2	96	0.8
2	570	1000	800	3000	9.4	12.7	56	56	432	327	0.91	2	96	0.8
3	650	1400	1000	4500	10.4	14.1	84	84	648	491	1.02	1	96	6.3

Clients information
ID	LON	LAT	DCP	DCD	DD	WD	DCP_Ef	DCD_Ef	DD_Ef	WD_Ef	SET	ET0	LT0	ET1	LT1
0	-41.770	-21.830	0	0	0	0	0.0200	0.0200	0.0175	0.0098	0.00
1	-39.948	-22.447	0	6	0	0	0.0467	0.0467	0.0128	0.0152	1.42	0	92	128	144
2	-40.196	-22.344	0	18	0	0	0.0333	0.0333	0.0149	0.0179	0.67	0	120
3	-40.070	-22.439	0	49	221	0	0.0333	0.0333	0.0149	0.0179	0.67	13	73	121	192
4	-40.030	-22.467	0	5	0	0	0.0333	0.0333	0.0149	0.0179	0.67	0	50	98	120
5	-40.055	-22.392	-21	5	0	0	0.0333	0.0333	0.0149	0.0179	0.67	0	77	137	192
6	-40.067	-22.547	-27	21	0	395	0.0333	0.0333	0.0149	0.0179	0.67	30	134	182	240

Orders information
ID	Commodity/Quantity/Deadline
1	DCD/6/144
2	DCD/18/120
3	DCD/49/168	DD/221/192
4	DCD/5/120
5	DCP/-21/144	DCD/5/192
6	DCP/-27/144	DCD/21/216	WD/395/240

Capacity commodity assignment
CAP	DCP	DCD	DD	WD
DC	1	1	0	0
D	0	0	1	0
W	0	0	0	1
