Clients	Orders
7	12

Vehicles	Threshold distance
2	18.0

Vehicles information
ID	DC	D	W	DWT	VL	VH	FCA	FCB	FCN	FCS	SPO	TRI	TDL	ETR
0	650	1400	1000	4500	10.4	14.1	84	84	648	491	1.02	2	96	0.8
1	650	1400	1000	4500	10.4	14.1	84	84	648	491	1.02	1	96	11.1

Clients information
ID	LON	LAT	DCP	DCD	DD	WD	DCP_Ef	DCD_Ef	DD_Ef	WD_Ef	SET	ET0	LT0	ET1	LT1
0	-41.770	-21.830	0	0	0	0	0.0200	0.0200	0.0175	0.0098	0.00
1	-40.097	-22.487	-21	6	0	0	0.0333	0.0333	0.0149	0.0179	0.67	0	87	123	144
2	-39.959	-22.425	-30	29	454	0	0.0333	0.0333	0.0149	0.0179	0.67	2	65	101	168
3	-40.123	-22.561	0	15	0	0	0.0333	0.0333	0.0149	0.0179	0.67	29	168
4	-40.089	-22.359	0	27	0	0	0.0333	0.0333	0.0149	0.0179	0.67	0	96	156	192
5	-40.028	-22.372	0	29	0	0	0.0333	0.0333	0.0149	0.0179	0.67	0	168
6	-39.948	-22.447	-46	121	283	0	0.0467	0.0467	0.0128	0.0152	1.42	0	98	134	168
7	-40.196	-22.344	0	3	0	0	0.0333	0.0333	0.0149	0.0179	0.67	26	139	187	216

Orders information
ID	Commodity/Quantity/Deadline
1	DCP/-21/144	DCD/6/144
2	DCP/-30/168	DCD/29/168	DD/454/144
3	DCD/15/168
4	DCD/27/192
5	DCD/29/168
6	DCP/-46/144	DCD/121/144	DD/283/168
7	DCD/3/216

Capacity commodity assignment
CAP	DCP	DCD	DD	WD
DC	1	1	0	0
D	0	0	1	0
W	0	0	0	1
