Clients	Orders
7	12

Vehicles	Threshold distance
3	18.0

Vehicles information
ID	DC	D	W	DWT	VL	VH	FCA	FCB	FCN	FCS	SPO	TRI	TDL	ETR
0	570	1000	800	3000	9.4	12.7	56	56	432	327	0.91	2	96	0.8
1	570	1000	800	3000	9.4	12.7	56	56	432	327	0.91	1	96	0.8
2	650	1400	1000	4500	10.4	14.1	84	84	648	491	1.02	1	96	0.8

Clients information
ID	LON	LAT	DCP	DCD	DD	WD	DCP_Ef	DCD_Ef	DD_Ef	WD_Ef	SET	ET0	LT0	ET1	LT1
0	-41.770	-21.830	0	0	0	0	0.0200	0.0200	0.0175	0.0098	0.00
1	-40.123	-22.561	-13	23	0	0	0.0333	0.0333	0.0149	0.0179	0.67	64	168
2	-40.097	-22.487	-21	2	204	0	0.0333	0.0333	0.0149	0.0179	0.67	0	30	54	216
3	-39.948	-22.447	0	70	0	0	0.0467	0.0467	0.0128	0.0152	1.42	0	120	156	168
4	-40.196	-22.344	0	29	0	0	0.0333	0.0333	0.0149	0.0179	0.67	4	168
5	-40.242	-22.351	-21	48	0	0	0.0333	0.0333	0.0149	0.0179	0.67	15	144
6	-40.028	-22.428	-20	44	0	0	0.0333	0.0333	0.0149	0.0179	0.67	0	89	137	144
7	-40.070	-22.439	0	13	0	0	0.0333	0.0333	0.0149	0.0179	0.67	0	96	120	168

Orders information
ID	Commodity/Quantity/Deadline
1	DCP/-13/120	DCD/23/168
2	DCP/-21/144	DCD/2/216	DD/204/168
3	DCD/70/168
4	DCD/29/168
5	DCP/-21/192	DCD/48/144
6	DCP/-20/192	DCD/44/144
7	DCD/13/168

Capacity commodity assignment
CAP	DCP	DCD	DD	WD
DC	1	1	0	0
D	0	0	1	0
W	0	0	0	1
