Clients	Orders
6	12

Vehicles	Threshold distance
4	18.0

Vehicles information
ID	DC	D	W	DWT	VL	VH	FCA	FCB	FCN	FCS	SPO	TRI	TDL	ETR
0	450	600	500	1500	8.6	10.9	28	28	216	164	0.39	2	96	0.8
1	570	1000	800	3000	9.4	12.7	56	56	432	327	0.91	1	96	8.5
2	570	1000	800	3000	9.4	12.7	56	56	432	327	0.91	1	96	8.5
3	650	1400	1000	4500	10.4	14.1	84	84	648	491	1.02	2	96	0.8

Clients information
ID	LON	LAT	DCP	DCD	DD	WD	DCP_Ef	DCD_Ef	DD_Ef	WD_Ef	SET	ET0	LT0	ET1	LT1
0	-41.770	-21.830	0	0	0	0	0.0200	0.0200	0.0175	0.0098	0.00
1	-40.028	-22.428	-20	13	319	0	0.0333	0.0333	0.0149	0.0179	0.67	2	168
2	-40.055	-22.392	-21	1	0	0	0.0333	0.0333	0.0149	0.0179	0.67	17	113	161	216
3	-39.959	-22.425	-30	41	0	0	0.0333	0.0333	0.0149	0.0179	0.67	0	120
4	-40.067	-22.547	0	35	0	0	0.0333	0.0333	0.0149	0.0179	0.67	34	120	144	192
5	-40.196	-22.344	0	8	177	0	0.0333	0.0333	0.0149	0.0179	0.67	0	192
6	-40.070	-22.439	0	7	221	0	0.0333	0.0333	0.0149	0.0179	0.67	0	130	178	216

Orders information
ID	Commodity/Quantity/Deadline
1	DCP/-20/120	DCD/13/144	DD/319/168
2	DCP/-21/144	DCD/1/216
3	DCP/-30/144	DCD/41/120
4	DCD/35/192
5	DCD/8/192	DD/177/144
6	DCD/7/120	DD/221/216

Capacity commodity assignment
CAP	DCP	DCD	DD	WD
DC	1	1	0	0
D	0	0	1	0
W	0	0	0	1
