Clients	Orders
6	12

Vehicles	Threshold distance
4	18.0

Vehicles information
ID	DC	D	W	DWT	VL	VH	FCA	FCB	FCN	FCS	SPO	TRI	TDL	ETR
0	450	600	500	1500	8.6	10.9	28	28	216	164	0.39	2	96	0.8
1	450	600	500	1500	8.6	10.9	28	28	216	164	0.39	1	96	9.0
2	570	1000	800	3000	9.4	12.7	56	56	432	327	0.91	2	96	0.8
3	650	1400	1000	4500	10.4	14.1	84	84	648	491	1.02	2	96	0.8

Clients information
ID	LON	LAT	DCP	DCD	DD	WD	DCP_Ef	DCD_Ef	DD_Ef	WD_Ef	SET	ET0	LT0	ET1	LT1
0	-41.770	-21.830	0	0	0	0	0.0200	0.0200	0.0175	0.0098	0.00
1	-40.196	-22.344	-18	18	0	0	0.0333	0.0333	0.0149	0.0179	0.67	0	99	147	192
2	-39.948	-22.447	0	68	283	0	0.0467	0.0467	0.0128	0.0152	1.42	18	119	179	192
3	-40.089	-22.359	0	22	0	0	0.0333	0.0333	0.0149	0.0179	0.67	11	53	89	192
4	-40.028	-22.372	-21	15	0	395	0.0333	0.0333	0.0149	0.0179	0.67	0	43	67	216
5	-40.097	-22.487	0	25	0	0	0.0333	0.0333	0.0149	0.0179	0.67	0	37	61	144
6	-40.070	-22.439	-20	1	0	228	0.0333	0.0333	0.0149	0.0179	0.67	0	92	140	216

Orders information
ID	Commodity/Quantity/Deadline
1	DCP/-18/144	DCD/18/192
2	DCD/68/192	DD/283/168
3	DCD/22/192
4	DCP/-21/168	DCD/15/216	WD/395/192
5	DCD/25/144
6	DCP/-20/144	DCD/1/168	WD/228/216

Capacity commodity assignment
CAP	DCP	DCD	DD	WD
DC	1	1	0	0
D	0	0	1	0
W	0	0	0	1
