Clients	Orders
7	12

Vehicles	Threshold distance
3	18.0

Vehicles information
ID	DC	D	W	DWT	VL	VH	FCA	FCB	FCN	FCS	SPO	TRI	TDL	ETR
0	450	600	500	1500	8.6	10.9	28	28	216	164	0.39	2	96	0.8
1	450	600	500	1500	8.6	10.9	28	28	216	164	0.39	1	96	4.5
2	570	1000	800	3000	9.4	12.7	56	56	432	327	0.91	2	96	0.8

Clients information
ID	LON	LAT	DCP	DCD	DD	WD	DCP_Ef	DCD_Ef	DD_Ef	WD_Ef	SET	ET0	LT0	ET1	LT1
0	-41.770	-21.830	0	0	0	0	0.0200	0.0200	0.0175	0.0098	0.00
1	-40.067	-22.547	0	21	0	0	0.0333	0.0333	0.0149	0.0179	0.67	0	38	86	144
2	-40.196	-22.344	-18	3	0	0	0.0333	0.0333	0.0149	0.0179	0.67	0	167	215	216
3	-40.089	-22.359	0	36	300	0	0.0333	0.0333	0.0149	0.0179	0.67	36	168
4	-40.028	-22.428	0	13	319	0	0.0333	0.0333	0.0149	0.0179	0.67	0	120	168	240
5	-39.948	-22.447	-46	72	0	0	0.0467	0.0467	0.0128	0.0152	1.42	0	124	184	216
6	-40.070	-22.439	0	61	0	0	0.0333	0.0333	0.0149	0.0179	0.67	0	119	167	216
7	-40.055	-22.392	0	4	211	0	0.0333	0.0333	0.0149	0.0179	0.67	12	110	158	168

Orders information
ID	Commodity/Quantity/Deadline
1	DCD/21/144
2	DCP/-18/168	DCD/3/216
3	DCD/36/168	DD/300/168
4	DCD/13/168	DD/319/240
5	DCP/-46/144	DCD/72/216
6	DCD/61/216
7	DCD/4/168	DD/211/168

Capacity commodity assignment
CAP	DCP	DCD	DD	WD
DC	1	1	0	0
D	0	0	1	0
W	0	0	0	1
