Clients	Orders
6	12

Vehicles	Threshold distance
4	18.0

Vehicles information
ID	DC	D	W	DWT	VL	VH	FCA	FCB	FCN	FCS	SPO	TRI	TDL	ETR
0	450	600	500	1500	8.6	10.9	28	28	216	164	0.39	1	96	11.0
1	450	600	500	1500	8.6	10.9	28	28	216	164	0.39	2	96	0.8
2	570	1000	800	3000	9.4	12.7	56	56	432	327	0.91	2	96	0.8
3	650	1400	1000	4500	10.4	14.1	84	84	648	491	1.02	1	96	11.0

Clients information
ID	LON	LAT	DCP	DCD	DD	WD	DCP_Ef	DCD_Ef	DD_Ef	WD_Ef	SET	ET0	LT0	ET1	LT1
0	-41.770	-21.830	0	0	0	0	0.0200	0.0200	0.0175	0.0098	0.00
1	-40.089	-22.359	0	1	0	0	0.0333	0.0333	0.0149	0.0179	0.67	17	98	146	168
2	-40.028	-22.372	-21	4	0	395	0.0333	0.0333	0.0149	0.0179	0.67	0	89	137	168
3	-40.055	-22.392	0	17	0	0	0.0333	0.0333	0.0149	0.0179	0.67	8	144
4	-40.028	-22.428	0	8	319	0	0.0333	0.0333	0.0149	0.0179	0.67	14	122	170	192
5	-40.097	-22.487	-21	31	0	0	0.0333	0.0333	0.0149	0.0179	0.67	19	102	150	216
6	-40.067	-22.547	-27	15	0	395	0.0333	0.0333	0.0149	0.0179	0.67	21	86	122	216

Orders information
ID	Commodity/Quantity/Deadline
1	DCD/1/168
2	DCP/-21/144	DCD/4/168	WD/395/144
3	DCD/17/144
4	DCD/8/192	DD/319/168
5	DCP/-21/144	DCD/31/216
6	DCP/-27/120	DCD/15/216	WD/395/168

Capacity commodity assignment
CAP	DCP	DCD	DD	WD
DC	1	1	0	0
D	0	0	1	0
W	0	0	0	1
