Clients	Orders
6	12

Vehicles	Threshold distance
3	18.0

Vehicles information
ID	DC	D	W	DWT	VL	VH	FCA	FCB	FCN	FCS	SPO	TRI	TDL	ETR
0	450	600	500	1500	8.6	10.9	28	28	216	164	0.39	1	96	11.5
1	570	1000	800	3000	9.4	12.7	56	56	432	327	0.91	2	96	7.9
2	570	1000	800	3000	9.4	12.7	56	56	432	327	0.91	2	96	7.9

Clients information
ID	LON	LAT	DCP	DCD	DD	WD	DCP_Ef	DCD_Ef	DD_Ef	WD_Ef	SET	ET0	LT0	ET1	LT1
0	-41.770	-21.830	0	0	0	0	0.0200	0.0200	0.0175	0.0098	0.00
1	-40.070	-22.439	-20	11	0	0	0.0333	0.0333	0.0149	0.0179	0.67	1	50	86	168
2	-40.097	-22.487	-21	1	204	0	0.0333	0.0333	0.0149	0.0179	0.67	12	82	142	168
3	-40.089	-22.359	0	11	300	0	0.0333	0.0333	0.0149	0.0179	0.67	15	50	98	216
4	-40.030	-22.467	0	1	0	381	0.0333	0.0333	0.0149	0.0179	0.67	0	107	143	168
5	-40.028	-22.372	0	29	0	0	0.0333	0.0333	0.0149	0.0179	0.67	0	192
6	-40.123	-22.561	-13	6	0	0	0.0333	0.0333	0.0149	0.0179	0.67	23	97	157	192

Orders information
ID	Commodity/Quantity/Deadline
1	DCP/-20/192	DCD/11/168
2	DCP/-21/216	DCD/1/120	DD/204/168
3	DCD/11/216	DD/300/144
4	DCD/1/168	WD/381/168
5	DCD/29/192
6	DCP/-13/144	DCD/6/192

Capacity commodity assignment
CAP	DCP	DCD	DD	WD
DC	1	1	0	0
D	0	0	1	0
W	0	0	0	1
