Clients	Orders
7	12

Vehicles	Threshold distance
2	18.0

Vehicles information
ID	DC	D	W	DWT	VL	VH	FCA	FCB	FCN	FCS	SPO	TRI	TDL	ETR
0	570	1000	800	3000	9.4	12.7	56	56	432	327	0.91	2	96	0.8
1	570	1000	800	3000	9.4	12.7	56	56	432	327	0.91	1	96	11.3

Clients information
ID	LON	LAT	DCP	DCD	DD	WD	DCP_Ef	DCD_Ef	DD_Ef	WD_Ef	SET	ET0	LT0	ET1	LT1
0	-41.770	-21.830	0	0	0	0	0.0200	0.0200	0.0175	0.0098	0.00
1	-40.196	-22.344	0	11	0	0	0.0333	0.0333	0.0149	0.0179	0.67	16	192
2	-40.030	-22.467	-15	26	0	0	0.0333	0.0333	0.0149	0.0179	0.67	0	108	156	168
3	-40.067	-22.547	0	8	0	0	0.0333	0.0333	0.0149	0.0179	0.67	0	144
4	-40.123	-22.561	-13	10	0	184	0.0333	0.0333	0.0149	0.0179	0.67	0	101	149	168
5	-40.028	-22.372	-21	27	0	0	0.0333	0.0333	0.0149	0.0179	0.67	3	59	95	168
6	-40.055	-22.392	0	8	211	0	0.0333	0.0333	0.0149	0.0179	0.67	27	144	168	216
7	-39.948	-22.447	0	150	0	0	0.0467	0.0467	0.0128	0.0152	1.42	0	26	50	168

Orders information
ID	Commodity/Quantity/Deadline
1	DCD/11/192
2	DCP/-15/144	DCD/26/168
3	DCD/8/144
4	DCP/-13/192	DCD/10/168	WD/184/168
5	DCP/-21/120	DCD/27/168
6	DCD/8/144	DD/211/216
7	DCD/150/168

Capacity commodity assignment
CAP	DCP	DCD	DD	WD
DC	1	1	0	0
D	0	0	1	0
W	0	0	0	1
