Clients	Orders
7	12

Vehicles	Threshold distance
3	18.0

Vehicles information
ID	DC	D	W	DWT	VL	VH	FCA	FCB	FCN	FCS	SPO	TRI	TDL	ETR
0	450	600	500	1500	8.6	10.9	28	28	216	164	0.39	2	96	0.8
1	570	1000	800	3000	9.4	12.7	56	56	432	327	0.91	1	96	0.8
2	570	1000	800	3000	9.4	12.7	56	56	432	327	0.91	1	96	0.8

Clients information
ID	LON	LAT	DCP	DCD	DD	WD	DCP_Ef	DCD_Ef	DD_Ef	WD_Ef	SET	ET0	LT0	ET1	LT1
0	-41.770	-21.830	0	0	0	0	0.0200	0.0200	0.0175	0.0098	0.00
1	-39.959	-22.425	0	19	0	0	0.0333	0.0333	0.0149	0.0179	0.67	0	168
2	-40.028	-22.372	0	10	0	0	0.0333	0.0333	0.0149	0.0179	0.67	16	68	104	168
3	-40.055	-22.392	0	25	211	0	0.0333	0.0333	0.0149	0.0179	0.67	0	164	188	192
4	-39.948	-22.447	0	29	0	0	0.0467	0.0467	0.0128	0.0152	1.42	1	78	102	168
5	-40.030	-22.467	-15	26	0	0	0.0333	0.0333	0.0149	0.0179	0.67	0	134	182	216
6	-40.097	-22.487	-21	15	204	0	0.0333	0.0333	0.0149	0.0179	0.67	6	75	111	240
7	-40.070	-22.439	-20	3	0	0	0.0333	0.0333	0.0149	0.0179	0.67	1	126	150	192

Orders information
ID	Commodity/Quantity/Deadline
1	DCD/19/168
2	DCD/10/168
3	DCD/25/144	DD/211/192
4	DCD/29/168
5	DCP/-15/168	DCD/26/216
6	DCP/-21/144	DCD/15/168	DD/204/240
7	DCP/-20/144	DCD/3/192

Capacity commodity assignment
CAP	DCP	DCD	DD	WD
DC	1	1	0	0
D	0	0	1	0
W	0	0	0	1
