Clients	Orders
7	14

Vehicles	Threshold distance
4	18.0

Vehicles information
ID	DC	D	W	DWT	VL	VH	FCA	FCB	FCN	FCS	SPO	TRI	TDL	ETR
0	450	600	500	1500	8.6	10.9	28	28	216	164	0.39	2	96	0.8
1	450	600	500	1500	8.6	10.9	28	28	216	164	0.39	1	96	0.8
2	570	1000	800	3000	9.4	12.7	56	56	432	327	0.91	2	96	0.8
3	650	1400	1000	4500	10.4	14.1	84	84	648	491	1.02	2	96	0.8

Clients information
ID	LON	LAT	DCP	DCD	DD	WD	DCP_Ef	DCD_Ef	DD_Ef	WD_Ef	SET	ET0	LT0	ET1	LT1
0	-41.770	-21.830	0	0	0	0	0.0200	0.0200	0.0175	0.0098	0.00
1	-40.028	-22.428	-20	49	319	0	0.0333	0.0333	0.0149	0.0179	0.67	0	93	117	168
2	-40.242	-22.351	-21	12	0	0	0.0333	0.0333	0.0149	0.0179	0.67	5	100	160	168
3	-40.030	-22.467	0	20	0	381	0.0333	0.0333	0.0149	0.0179	0.67	0	124	172	216
4	-40.028	-22.372	-21	13	0	0	0.0333	0.0333	0.0149	0.0179	0.67	20	55	79	216
5	-40.089	-22.359	-16	5	0	0	0.0333	0.0333	0.0149	0.0179	0.67	5	82	118	192
6	-39.948	-22.447	0	126	0	0	0.0467	0.0467	0.0128	0.0152	1.42	0	119	155	192
7	-40.067	-22.547	0	23	0	395	0.0333	0.0333	0.0149	0.0179	0.67	0	122	146	192

Orders information
ID	Commodity/Quantity/Deadline
1	DCP/-20/144	DCD/49/168	DD/319/168
2	DCP/-21/144	DCD/12/168
3	DCD/20/216	WD/381/192
4	DCP/-21/192	DCD/13/216
5	DCP/-16/168	DCD/5/192
6	DCD/126/192
7	DCD/23/144	WD/395/192

Capacity commodity assignment
CAP	DCP	DCD	DD	WD
DC	1	1	0	0
D	0	0	1	0
W	0	0	0	1
