Clients	Orders
7	14

Vehicles	Threshold distance
3	18.0

Vehicles information
ID	DC	D	W	DWT	VL	VH	FCA	FCB	FCN	FCS	SPO	TRI	TDL	ETR
0	450	600	500	1500	8.6	10.9	28	28	216	164	0.39	2	96	0.8
1	570	1000	800	3000	9.4	12.7	56	56	432	327	0.91	1	96	0.8
2	650	1400	1000	4500	10.4	14.1	84	84	648	491	1.02	1	96	0.8

Clients information
ID	LON	LAT	DCP	DCD	DD	WD	DCP_Ef	DCD_Ef	DD_Ef	WD_Ef	SET	ET0	LT0	ET1	LT1
0	-41.770	-21.830	0	0	0	0	0.0200	0.0200	0.0175	0.0098	0.00
1	-40.089	-22.359	0	4	0	0	0.0333	0.0333	0.0149	0.0179	0.67	14	49	109	216
2	-39.948	-22.447	-46	11	0	0	0.0467	0.0467	0.0128	0.0152	1.42	18	168
3	-40.097	-22.487	-21	8	0	0	0.0333	0.0333	0.0149	0.0179	0.67	10	90	126	144
4	-40.030	-22.467	0	20	0	381	0.0333	0.0333	0.0149	0.0179	0.67	1	216
5	-40.028	-22.372	-21	17	179	0	0.0333	0.0333	0.0149	0.0179	0.67	45	158	194	216
6	-40.055	-22.392	-21	34	211	0	0.0333	0.0333	0.0149	0.0179	0.67	20	67	127	192
7	-39.959	-22.425	0	4	0	0	0.0333	0.0333	0.0149	0.0179	0.67	24	88	148	216

Orders information
ID	Commodity/Quantity/Deadline
1	DCD/4/216
2	DCP/-46/168	DCD/11/168
3	DCP/-21/168	DCD/8/144
4	DCD/20/192	WD/381/216
5	DCP/-21/168	DCD/17/216	DD/179/168
6	DCP/-21/168	DCD/34/192	DD/211/192
7	DCD/4/216

Capacity commodity assignment
CAP	DCP	DCD	DD	WD
DC	1	1	0	0
D	0	0	1	0
W	0	0	0	1
