Clients	Orders
6	14

Vehicles	Threshold distance
4	18.0

Vehicles information
ID	DC	D	W	DWT	VL	VH	FCA	FCB	FCN	FCS	SPO	TRI	TDL	ETR
0	450	600	500	1500	8.6	10.9	28	28	216	164	0.39	2	96	4.0
1	450	600	500	1500	8.6	10.9	28	28	216	164	0.39	1	96	5.9
2	570	1000	800	3000	9.4	12.7	56	56	432	327	0.91	2	96	4.0
3	650	1400	1000	4500	10.4	14.1	84	84	648	491	1.02	1	96	5.9

Clients information
ID	LON	LAT	DCP	DCD	DD	WD	DCP_Ef	DCD_Ef	DD_Ef	WD_Ef	SET	ET0	LT0	ET1	LT1
0	-41.770	-21.830	0	0	0	0	0.0200	0.0200	0.0175	0.0098	0.00
1	-40.055	-22.392	-21	27	211	216	0.0333	0.0333	0.0149	0.0179	0.67	1	79	103	216
2	-40.196	-22.344	-18	2	177	204	0.0333	0.0333	0.0149	0.0179	0.67	0	168
3	-40.242	-22.351	-21	25	0	0	0.0333	0.0333	0.0149	0.0179	0.67	0	27	51	144
4	-39.948	-22.447	0	110	0	0	0.0467	0.0467	0.0128	0.0152	1.42	0	107	143	168
5	-40.067	-22.547	-27	46	0	0	0.0333	0.0333	0.0149	0.0179	0.67	17	92	128	168
6	-39.959	-22.425	0	22	0	0	0.0333	0.0333	0.0149	0.0179	0.67	10	38	98	144

Orders information
ID	Commodity/Quantity/Deadline
1	DCP/-21/144	DCD/27/216	DD/211/192	WD/216/216
2	DCP/-18/168	DCD/2/168	DD/177/168	WD/204/168
3	DCP/-21/144	DCD/25/144
4	DCD/110/168
5	DCP/-27/192	DCD/46/168
6	DCD/22/144

Capacity commodity assignment
CAP	DCP	DCD	DD	WD
DC	1	1	0	0
D	0	0	1	0
W	0	0	0	1
