Clients	Orders
6	14

Vehicles	Threshold distance
3	18.0

Vehicles information
ID	DC	D	W	DWT	VL	VH	FCA	FCB	FCN	FCS	SPO	TRI	TDL	ETR
0	570	1000	800	3000	9.4	12.7	56	56	432	327	0.91	1	96	7.0
1	650	1400	1000	4500	10.4	14.1	84	84	648	491	1.02	2	96	0.8
2	650	1400	1000	4500	10.4	14.1	84	84	648	491	1.02	2	96	0.8

Clients information
ID	LON	LAT	DCP	DCD	DD	WD	DCP_Ef	DCD_Ef	DD_Ef	WD_Ef	SET	ET0	LT0	ET1	LT1
0	-41.770	-21.830	0	0	0	0	0.0200	0.0200	0.0175	0.0098	0.00
1	-40.242	-22.351	0	16	0	0	0.0333	0.0333	0.0149	0.0179	0.67	0	144
2	-40.067	-22.547	-27	14	336	0	0.0333	0.0333	0.0149	0.0179	0.67	0	121	181	240
3	-40.089	-22.359	0	19	0	0	0.0333	0.0333	0.0149	0.0179	0.67	4	112	160	168
4	-39.948	-22.447	0	77	283	0	0.0467	0.0467	0.0128	0.0152	1.42	22	148	208	216
5	-40.196	-22.344	-18	33	177	0	0.0333	0.0333	0.0149	0.0179	0.67	0	77	137	168
6	-40.030	-22.467	-15	17	220	381	0.0333	0.0333	0.0149	0.0179	0.67	71	209	233	240

Orders information
ID	Commodity/Quantity/Deadline
1	DCD/16/144
2	DCP/-27/144	DCD/14/192	DD/336/240
3	DCD/19/168
4	DCD/77/216	DD/283/168
5	DCP/-18/144	DCD/33/120	DD/177/168
6	DCP/-15/216	DCD/17/192	DD/220/216	WD/381/240

Capacity commodity assignment
CAP	DCP	DCD	DD	WD
DC	1	1	0	0
D	0	0	1	0
W	0	0	0	1
