Clients	Orders
7	14

Vehicles	Threshold distance
4	18.0

Vehicles information
ID	DC	D	W	DWT	VL	VH	FCA	FCB	FCN	FCS	SPO	TRI	TDL	ETR
0	450	600	500	1500	8.6	10.9	28	28	216	164	0.39	1	96	5.1
1	450	600	500	1500	8.6	10.9	28	28	216	164	0.39	2	96	0.8
2	570	1000	800	3000	9.4	12.7	56	56	432	327	0.91	1	96	5.1
3	650	1400	1000	4500	10.4	14.1	84	84	648	491	1.02	2	96	0.8

Clients information
ID	LON	LAT	DCP	DCD	DD	WD	DCP_Ef	DCD_Ef	DD_Ef	WD_Ef	SET	ET0	LT0	ET1	LT1
0	-41.770	-21.830	0	0	0	0	0.0200	0.0200	0.0175	0.0098	0.00
1	-40.030	-22.467	0	19	0	381	0.0333	0.0333	0.0149	0.0179	0.67	5	61	85	192
2	-40.055	-22.392	0	43	0	0	0.0333	0.0333	0.0149	0.0179	0.67	10	63	123	168
3	-40.028	-22.372	0	2	179	395	0.0333	0.0333	0.0149	0.0179	0.67	0	147	195	216
4	-40.067	-22.547	-27	54	0	0	0.0333	0.0333	0.0149	0.0179	0.67	3	92	128	144
5	-40.070	-22.439	-20	24	221	0	0.0333	0.0333	0.0149	0.0179	0.67	0	138	198	240
6	-40.028	-22.428	0	30	0	0	0.0333	0.0333	0.0149	0.0179	0.67	20	60	84	192
7	-40.123	-22.561	-13	8	0	0	0.0333	0.0333	0.0149	0.0179	0.67	0	98	158	192

Orders information
ID	Commodity/Quantity/Deadline
1	DCD/19/192	WD/381/168
2	DCD/43/168
3	DCD/2/120	DD/179/216	WD/395/192
4	DCP/-27/144	DCD/54/144
5	DCP/-20/192	DCD/24/144	DD/221/240
6	DCD/30/192
7	DCP/-13/144	DCD/8/192

Capacity commodity assignment
CAP	DCP	DCD	DD	WD
DC	1	1	0	0
D	0	0	1	0
W	0	0	0	1
