Clients	Orders
6	14

Vehicles	Threshold distance
3	18.0

Vehicles information
ID	DC	D	W	DWT	VL	VH	FCA	FCB	FCN	FCS	SPO	TRI	TDL	ETR
0	450	600	500	1500	8.6	10.9	28	28	216	164	0.39	2	96	0.8
1	450	600	500	1500	8.6	10.9	28	28	216	164	0.39	1	96	0.8
2	570	1000	800	3000	9.4	12.7	56	56	432	327	0.91	2	96	0.8

Clients information
ID	LON	LAT	DCP	DCD	DD	WD	DCP_Ef	DCD_Ef	DD_Ef	WD_Ef	SET	ET0	LT0	ET1	LT1
0	-41.770	-21.830	0	0	0	0	0.0200	0.0200	0.0175	0.0098	0.00
1	-40.242	-22.351	-21	36	259	242	0.0333	0.0333	0.0149	0.0179	0.67	0	115	151	216
2	-40.070	-22.439	0	40	0	228	0.0333	0.0333	0.0149	0.0179	0.67	8	87	135	168
3	-40.055	-22.392	-21	17	0	0	0.0333	0.0333	0.0149	0.0179	0.67	0	53	113	168
4	-39.959	-22.425	-30	11	0	0	0.0333	0.0333	0.0149	0.0179	0.67	1	17	53	120
5	-40.196	-22.344	-18	5	0	204	0.0333	0.0333	0.0149	0.0179	0.67	0	50	110	192
6	-40.028	-22.372	0	19	0	0	0.0333	0.0333	0.0149	0.0179	0.67	13	61	85	144

Orders information
ID	Commodity/Quantity/Deadline
1	DCP/-21/144	DCD/36/216	DD/259/168	WD/242/216
2	DCD/40/144	WD/228/168
3	DCP/-21/144	DCD/17/168
4	DCP/-30/192	DCD/11/120
5	DCP/-18/144	DCD/5/192	WD/204/168
6	DCD/19/144

Capacity commodity assignment
CAP	DCP	DCD	DD	WD
DC	1	1	0	0
D	0	0	1	0
W	0	0	0	1
