Clients	Orders
6	14

Vehicles	Threshold distance
3	18.0

Vehicles information
ID	DC	D	W	DWT	VL	VH	FCA	FCB	FCN	FCS	SPO	TRI	TDL	ETR
0	450	600	500	1500	8.6	10.9	28	28	216	164	0.39	2	96	5.1
1	570	1000	800	3000	9.4	12.7	56	56	432	327	0.91	1	96	5.7
2	650	1400	1000	4500	10.4	14.1	84	84	648	491	1.02	2	96	5.1

Clients information
ID	LON	LAT	DCP	DCD	DD	WD	DCP_Ef	DCD_Ef	DD_Ef	WD_Ef	SET	ET0	LT0	ET1	LT1
0	-41.770	-21.830	0	0	0	0	0.0200	0.0200	0.0175	0.0098	0.00
1	-40.097	-22.487	-21	46	0	255	0.0333	0.0333	0.0149	0.0179	0.67	0	178	238	240
2	-39.948	-22.447	0	44	0	0	0.0467	0.0467	0.0128	0.0152	1.42	0	126	162	192
3	-39.959	-22.425	-30	63	0	0	0.0333	0.0333	0.0149	0.0179	0.67	30	144
4	-40.028	-22.428	0	56	319	0	0.0333	0.0333	0.0149	0.0179	0.67	23	84	132	168
5	-40.242	-22.351	-21	32	0	242	0.0333	0.0333	0.0149	0.0179	0.67	0	179	203	240
6	-40.055	-22.392	0	6	211	216	0.0333	0.0333	0.0149	0.0179	0.67	0	151	175	240

Orders information
ID	Commodity/Quantity/Deadline
1	DCP/-21/144	DCD/46/144	WD/255/240
2	DCD/44/192
3	DCP/-30/144	DCD/63/144
4	DCD/56/168	DD/319/168
5	DCP/-21/144	DCD/32/168	WD/242/240
6	DCD/6/120	DD/211/240	WD/216/168

Capacity commodity assignment
CAP	DCP	DCD	DD	WD
DC	1	1	0	0
D	0	0	1	0
W	0	0	0	1
