Clients	Orders
7	14

Vehicles	Threshold distance
2	18.0

Vehicles information
ID	DC	D	W	DWT	VL	VH	FCA	FCB	FCN	FCS	SPO	TRI	TDL	ETR
0	450	600	500	1500	8.6	10.9	28	28	216	164	0.39	2	96	0.8
1	450	600	500	1500	8.6	10.9	28	28	216	164	0.39	1	96	5.0

Clients information
ID	LON	LAT	DCP	DCD	DD	WD	DCP_Ef	DCD_Ef	DD_Ef	WD_Ef	SET	ET0	LT0	ET1	LT1
0	-41.770	-21.830	0	0	0	0	0.0200	0.0200	0.0175	0.0098	0.00
1	-40.028	-22.372	0	11	0	395	0.0333	0.0333	0.0149	0.0179	0.67	0	75	123	216
2	-40.097	-22.487	0	57	204	0	0.0333	0.0333	0.0149	0.0179	0.67	0	64	100	216
3	-40.055	-22.392	0	29	211	216	0.0333	0.0333	0.0149	0.0179	0.67	17	168
4	-39.948	-22.447	0	57	0	0	0.0467	0.0467	0.0128	0.0152	1.42	0	168
5	-40.196	-22.344	0	39	177	0	0.0333	0.0333	0.0149	0.0179	0.67	0	130	166	216
6	-40.067	-22.547	0	20	336	0	0.0333	0.0333	0.0149	0.0179	0.67	6	57	81	192
7	-40.123	-22.561	-13	4	0	0	0.0333	0.0333	0.0149	0.0179	0.67	0	142

Orders information
ID	Commodity/Quantity/Deadline
1	DCD/11/216	WD/395/216
2	DCD/57/216	DD/204/144
3	DCD/29/168	DD/211/168	WD/216/144
4	DCD/57/168
5	DCD/39/216	DD/177/168
6	DCD/20/192	DD/336/192
7	DCP/-13/144	DCD/4/120

Capacity commodity assignment
CAP	DCP	DCD	DD	WD
DC	1	1	0	0
D	0	0	1	0
W	0	0	0	1
