Clients	Orders
7	14

Vehicles	Threshold distance
2	18.0

Vehicles information
ID	DC	D	W	DWT	VL	VH	FCA	FCB	FCN	FCS	SPO	TRI	TDL	ETR
0	450	600	500	1500	8.6	10.9	28	28	216	164	0.39	2	96	0.8
1	450	600	500	1500	8.6	10.9	28	28	216	164	0.39	1	96	8.1

Clients information
ID	LON	LAT	DCP	DCD	DD	WD	DCP_Ef	DCD_Ef	DD_Ef	WD_Ef	SET	ET0	LT0	ET1	LT1
0	-41.770	-21.830	0	0	0	0	0.0200	0.0200	0.0175	0.0098	0.00
1	-40.123	-22.561	0	4	0	0	0.0333	0.0333	0.0149	0.0179	0.67	0	84	132	144
2	-40.055	-22.392	-21	23	0	0	0.0333	0.0333	0.0149	0.0179	0.67	0	114	150	192
3	-40.242	-22.351	0	21	259	242	0.0333	0.0333	0.0149	0.0179	0.67	0	90	138	216
4	-40.196	-22.344	-18	5	0	0	0.0333	0.0333	0.0149	0.0179	0.67	0	104	164	192
5	-40.028	-22.372	0	2	0	0	0.0333	0.0333	0.0149	0.0179	0.67	0	80	104	168
6	-40.028	-22.428	-20	17	319	0	0.0333	0.0333	0.0149	0.0179	0.67	0	168
7	-40.070	-22.439	0	6	0	228	0.0333	0.0333	0.0149	0.0179	0.67	14	103	127	168

Orders information
ID	Commodity/Quantity/Deadline
1	DCD/4/144
2	DCP/-21/144	DCD/23/192
3	DCD/21/120	DD/259/216	WD/242/168
4	DCP/-18/168	DCD/5/192
5	DCD/2/168
6	DCP/-20/144	DCD/17/168	DD/319/168
7	DCD/6/168	WD/228/168

Capacity commodity assignment
CAP	DCP	DCD	DD	WD
DC	1	1	0	0
D	0	0	1	0
W	0	0	0	1
