Clients	Orders
7	16

Vehicles	Threshold distance
3	18.0

Vehicles information
ID	DC	D	W	DWT	VL	VH	FCA	FCB	FCN	FCS	SPO	TRI	TDL	ETR
0	570	1000	800	3000	9.4	12.7	56	56	432	327	0.91	2	96	0.8
1	650	1400	1000	4500	10.4	14.1	84	84	648	491	1.02	1	96	7.9
2	650	1400	1000	4500	10.4	14.1	84	84	648	491	1.02	2	96	0.8

Clients information
ID	LON	LAT	DCP	DCD	DD	WD	DCP_Ef	DCD_Ef	DD_Ef	WD_Ef	SET	ET0	LT0	ET1	LT1
0	-41.770	-21.830	0	0	0	0	0.0200	0.0200	0.0175	0.0098	0.00
1	-40.028	-22.372	-21	4	179	0	0.0333	0.0333	0.0149	0.0179	0.67	4	168
2	-40.067	-22.547	-27	11	0	395	0.0333	0.0333	0.0149	0.0179	0.67	0	128	176	192
3	-39.948	-22.447	-46	52	0	0	0.0467	0.0467	0.0128	0.0152	1.42	4	130	166	216
4	-40.097	-22.487	0	65	0	0	0.0333	0.0333	0.0149	0.0179	0.67	0	127	163	168
5	-40.070	-22.439	0	7	221	0	0.0333	0.0333	0.0149	0.0179	0.67	11	80	116	168
6	-40.242	-22.351	-21	30	0	242	0.0333	0.0333	0.0149	0.0179	0.67	4	192
7	-40.123	-22.561	0	12	0	184	0.0333	0.0333	0.0149	0.0179	0.67	37	140	188	192

Orders information
ID	Commodity/Quantity/Deadline
1	DCP/-21/144	DCD/4/168	DD/179/144
2	DCP/-27/144	DCD/11/144	WD/395/192
3	DCP/-46/168	DCD/52/216
4	DCD/65/168
5	DCD/7/168	DD/221/168
6	DCP/-21/144	DCD/30/144	WD/242/192
7	DCD/12/192	WD/184/168

Capacity commodity assignment
CAP	DCP	DCD	DD	WD
DC	1	1	0	0
D	0	0	1	0
W	0	0	0	1
