Clients	Orders
7	16

Vehicles	Threshold distance
3	18.0

Vehicles information
ID	DC	D	W	DWT	VL	VH	FCA	FCB	FCN	FCS	SPO	TRI	TDL	ETR
0	450	600	500	1500	8.6	10.9	28	28	216	164	0.39	2	96	0.8
1	450	600	500	1500	8.6	10.9	28	28	216	164	0.39	1	96	0.9
2	570	1000	800	3000	9.4	12.7	56	56	432	327	0.91	1	96	0.9

Clients information
ID	LON	LAT	DCP	DCD	DD	WD	DCP_Ef	DCD_Ef	DD_Ef	WD_Ef	SET	ET0	LT0	ET1	LT1
0	-41.770	-21.830	0	0	0	0	0.0200	0.0200	0.0175	0.0098	0.00
1	-39.948	-22.447	-46	110	0	0	0.0467	0.0467	0.0128	0.0152	1.42	0	216
2	-40.196	-22.344	0	29	177	0	0.0333	0.0333	0.0149	0.0179	0.67	0	216
3	-40.067	-22.547	-27	43	0	395	0.0333	0.0333	0.0149	0.0179	0.67	2	74	110	216
4	-40.097	-22.487	0	73	0	0	0.0333	0.0333	0.0149	0.0179	0.67	37	149	209	216
5	-40.030	-22.467	-15	26	220	0	0.0333	0.0333	0.0149	0.0179	0.67	12	112	136	216
6	-40.028	-22.428	-20	25	319	0	0.0333	0.0333	0.0149	0.0179	0.67	28	107	155	216
7	-40.055	-22.392	-21	3	0	0	0.0333	0.0333	0.0149	0.0179	0.67	1	106	130	168

Orders information
ID	Commodity/Quantity/Deadline
1	DCP/-46/144	DCD/110/216
2	DCD/29/216	DD/177/192
3	DCP/-27/144	DCD/43/216	WD/395/168
4	DCD/73/216
5	DCP/-15/144	DCD/26/168	DD/220/216
6	DCP/-20/168	DCD/25/216	DD/319/168
7	DCP/-21/168	DCD/3/168

Capacity commodity assignment
CAP	DCP	DCD	DD	WD
DC	1	1	0	0
D	0	0	1	0
W	0	0	0	1
