Clients	Orders
7	16

Vehicles	Threshold distance
2	18.0

Vehicles information
ID	DC	D	W	DWT	VL	VH	FCA	FCB	FCN	FCS	SPO	TRI	TDL	ETR
0	450	600	500	1500	8.6	10.9	28	28	216	164	0.39	1	96	1.8
1	450	600	500	1500	8.6	10.9	28	28	216	164	0.39	2	96	0.8

Clients information
ID	LON	LAT	DCP	DCD	DD	WD	DCP_Ef	DCD_Ef	DD_Ef	WD_Ef	SET	ET0	LT0	ET1	LT1
0	-41.770	-21.830	0	0	0	0	0.0200	0.0200	0.0175	0.0098	0.00
1	-40.070	-22.439	-20	25	0	0	0.0333	0.0333	0.0149	0.0179	0.67	0	120	144	168
2	-40.028	-22.428	-20	23	0	0	0.0333	0.0333	0.0149	0.0179	0.67	47	144
3	-40.196	-22.344	0	45	0	204	0.0333	0.0333	0.0149	0.0179	0.67	4	138	162	240
4	-40.030	-22.467	-15	13	220	0	0.0333	0.0333	0.0149	0.0179	0.67	0	132	180	216
5	-39.948	-22.447	-46	68	283	0	0.0467	0.0467	0.0128	0.0152	1.42	0	123	147	168
6	-40.123	-22.561	-13	17	0	0	0.0333	0.0333	0.0149	0.0179	0.67	0	26	50	216
7	-40.242	-22.351	-21	25	0	0	0.0333	0.0333	0.0149	0.0179	0.67	1	29

Orders information
ID	Commodity/Quantity/Deadline
1	DCP/-20/168	DCD/25/168
2	DCP/-20/168	DCD/23/144
3	DCD/45/168	WD/204/240
4	DCP/-15/144	DCD/13/216	DD/220/168
5	DCP/-46/144	DCD/68/168	DD/283/168
6	DCP/-13/144	DCD/17/216
7	DCP/-21/168	DCD/25/144

Capacity commodity assignment
CAP	DCP	DCD	DD	WD
DC	1	1	0	0
D	0	0	1	0
W	0	0	0	1
