Clients	Orders
7	16

Vehicles	Threshold distance
3	18.0

Vehicles information
ID	DC	D	W	DWT	VL	VH	FCA	FCB	FCN	FCS	SPO	TRI	TDL	ETR
0	570	1000	800	3000	9.4	12.7	56	56	432	327	0.91	1	96	11.0
1	650	1400	1000	4500	10.4	14.1	84	84	648	491	1.02	2	96	0.8
2	650	1400	1000	4500	10.4	14.1	84	84	648	491	1.02	2	96	0.8

Clients information
ID	LON	LAT	DCP	DCD	DD	WD	DCP_Ef	DCD_Ef	DD_Ef	WD_Ef	SET	ET0	LT0	ET1	LT1
0	-41.770	-21.830	0	0	0	0	0.0200	0.0200	0.0175	0.0098	0.00
1	-40.196	-22.344	0	22	0	204	0.0333	0.0333	0.0149	0.0179	0.67	33	133	157	216
2	-40.028	-22.428	-20	37	0	0	0.0333	0.0333	0.0149	0.0179	0.67	0	85	109	192
3	-40.242	-22.351	0	35	259	242	0.0333	0.0333	0.0149	0.0179	0.67	0	168
4	-40.055	-22.392	-21	3	0	0	0.0333	0.0333	0.0149	0.0179	0.67	0	168
5	-40.070	-22.439	-20	18	0	0	0.0333	0.0333	0.0149	0.0179	0.67	0	106	166	168
6	-40.067	-22.547	-27	35	0	395	0.0333	0.0333	0.0149	0.0179	0.67	16	65	125	168
7	-40.030	-22.467	0	22	220	0	0.0333	0.0333	0.0149	0.0179	0.67	0	126	174	192

Orders information
ID	Commodity/Quantity/Deadline
1	DCD/22/168	WD/204/216
2	DCP/-20/144	DCD/37/192
3	DCD/35/120	DD/259/168	WD/242/144
4	DCP/-21/144	DCD/3/168
5	DCP/-20/144	DCD/18/168
6	DCP/-27/192	DCD/35/168	WD/395/168
7	DCD/22/192	DD/220/192

Capacity commodity assignment
CAP	DCP	DCD	DD	WD
DC	1	1	0	0
D	0	0	1	0
W	0	0	0	1
