Clients	Orders
7	16

Vehicles	Threshold distance
2	18.0

Vehicles information
ID	DC	D	W	DWT	VL	VH	FCA	FCB	FCN	FCS	SPO	TRI	TDL	ETR
0	450	600	500	1500	8.6	10.9	28	28	216	164	0.39	1	96	5.4
1	570	1000	800	3000	9.4	12.7	56	56	432	327	0.91	2	96	0.8

Clients information
ID	LON	LAT	DCP	DCD	DD	WD	DCP_Ef	DCD_Ef	DD_Ef	WD_Ef	SET	ET0	LT0	ET1	LT1
0	-41.770	-21.830	0	0	0	0	0.0200	0.0200	0.0175	0.0098	0.00
1	-40.030	-22.467	-15	8	0	0	0.0333	0.0333	0.0149	0.0179	0.67	0	70	130	168
2	-40.123	-22.561	0	9	168	0	0.0333	0.0333	0.0149	0.0179	0.67	0	89	137	216
3	-40.028	-22.428	0	6	0	0	0.0333	0.0333	0.0149	0.0179	0.67	27	68	92	168
4	-40.196	-22.344	0	4	177	204	0.0333	0.0333	0.0149	0.0179	0.67	33	125	173	192
5	-40.070	-22.439	0	34	0	228	0.0333	0.0333	0.0149	0.0179	0.67	0	116	164	168
6	-40.055	-22.392	-21	38	211	216	0.0333	0.0333	0.0149	0.0179	0.67	0	79	139	216
7	-40.242	-22.351	0	7	259	0	0.0333	0.0333	0.0149	0.0179	0.67	36	98	158	216

Orders information
ID	Commodity/Quantity/Deadline
1	DCP/-15/168	DCD/8/168
2	DCD/9/192	DD/168/216
3	DCD/6/168
4	DCD/4/192	DD/177/144	WD/204/144
5	DCD/34/168	WD/228/168
6	DCP/-21/192	DCD/38/168	DD/211/144	WD/216/216
7	DCD/7/216	DD/259/192

Capacity commodity assignment
CAP	DCP	DCD	DD	WD
DC	1	1	0	0
D	0	0	1	0
W	0	0	0	1
