Clients	Orders
6	16

Vehicles	Threshold distance
3	18.0

Vehicles information
ID	DC	D	W	DWT	VL	VH	FCA	FCB	FCN	FCS	SPO	TRI	TDL	ETR
0	450	600	500	1500	8.6	10.9	28	28	216	164	0.39	2	96	0.8
1	450	600	500	1500	8.6	10.9	28	28	216	164	0.39	1	96	0.8
2	570	1000	800	3000	9.4	12.7	56	56	432	327	0.91	1	96	0.8

Clients information
ID	LON	LAT	DCP	DCD	DD	WD	DCP_Ef	DCD_Ef	DD_Ef	WD_Ef	SET	ET0	LT0	ET1	LT1
0	-41.770	-21.830	0	0	0	0	0.0200	0.0200	0.0175	0.0098	0.00
1	-40.055	-22.392	0	6	211	0	0.0333	0.0333	0.0149	0.0179	0.67	14	75	123	144
2	-40.028	-22.428	0	7	0	0	0.0333	0.0333	0.0149	0.0179	0.67	29	74	122	192
3	-39.948	-22.447	-46	13	283	0	0.0467	0.0467	0.0128	0.0152	1.42	0	168
4	-40.028	-22.372	-21	24	179	0	0.0333	0.0333	0.0149	0.0179	0.67	23	123	171	216
5	-40.196	-22.344	-18	30	177	204	0.0333	0.0333	0.0149	0.0179	0.67	0	216
6	-40.242	-22.351	-21	17	0	242	0.0333	0.0333	0.0149	0.0179	0.67	29	82	118	240

Orders information
ID	Commodity/Quantity/Deadline
1	DCD/6/144	DD/211/144
2	DCD/7/192
3	DCP/-46/144	DCD/13/120	DD/283/168
4	DCP/-21/168	DCD/24/216	DD/179/168
5	DCP/-18/144	DCD/30/216	DD/177/216	WD/204/168
6	DCP/-21/144	DCD/17/168	WD/242/240

Capacity commodity assignment
CAP	DCP	DCD	DD	WD
DC	1	1	0	0
D	0	0	1	0
W	0	0	0	1
