Clients	Orders
6	16

Vehicles	Threshold distance
4	18.0

Vehicles information
ID	DC	D	W	DWT	VL	VH	FCA	FCB	FCN	FCS	SPO	TRI	TDL	ETR
0	450	600	500	1500	8.6	10.9	28	28	216	164	0.39	2	96	0.8
1	450	600	500	1500	8.6	10.9	28	28	216	164	0.39	1	96	0.8
2	570	1000	800	3000	9.4	12.7	56	56	432	327	0.91	2	96	0.8
3	650	1400	1000	4500	10.4	14.1	84	84	648	491	1.02	2	96	0.8

Clients information
ID	LON	LAT	DCP	DCD	DD	WD	DCP_Ef	DCD_Ef	DD_Ef	WD_Ef	SET	ET0	LT0	ET1	LT1
0	-41.770	-21.830	0	0	0	0	0.0200	0.0200	0.0175	0.0098	0.00
1	-40.196	-22.344	-18	12	177	0	0.0333	0.0333	0.0149	0.0179	0.67	0	102	162	192
2	-40.028	-22.372	-21	59	0	395	0.0333	0.0333	0.0149	0.0179	0.67	6	142	178	240
3	-40.242	-22.351	-21	3	0	242	0.0333	0.0333	0.0149	0.0179	0.67	0	154	190	216
4	-40.055	-22.392	-21	35	0	216	0.0333	0.0333	0.0149	0.0179	0.67	0	99	159	168
5	-40.123	-22.561	-13	7	0	0	0.0333	0.0333	0.0149	0.0179	0.67	22	105	165	168
6	-40.067	-22.547	-27	7	0	0	0.0333	0.0333	0.0149	0.0179	0.67	8	120

Orders information
ID	Commodity/Quantity/Deadline
1	DCP/-18/144	DCD/12/144	DD/177/192
2	DCP/-21/216	DCD/59/120	WD/395/240
3	DCP/-21/144	DCD/3/216	WD/242/192
4	DCP/-21/144	DCD/35/168	WD/216/168
5	DCP/-13/168	DCD/7/168
6	DCP/-27/144	DCD/7/120

Capacity commodity assignment
CAP	DCP	DCD	DD	WD
DC	1	1	0	0
D	0	0	1	0
W	0	0	0	1
