Clients	Orders
6	16

Vehicles	Threshold distance
3	18.0

Vehicles information
ID	DC	D	W	DWT	VL	VH	FCA	FCB	FCN	FCS	SPO	TRI	TDL	ETR
0	450	600	500	1500	8.6	10.9	28	28	216	164	0.39	1	96	11.4
1	570	1000	800	3000	9.4	12.7	56	56	432	327	0.91	2	96	6.2
2	570	1000	800	3000	9.4	12.7	56	56	432	327	0.91	1	96	11.4

Clients information
ID	LON	LAT	DCP	DCD	DD	WD	DCP_Ef	DCD_Ef	DD_Ef	WD_Ef	SET	ET0	LT0	ET1	LT1
0	-41.770	-21.830	0	0	0	0	0.0200	0.0200	0.0175	0.0098	0.00
1	-40.030	-22.467	-15	6	220	381	0.0333	0.0333	0.0149	0.0179	0.67	0	94	142	240
2	-40.196	-22.344	-18	0	177	204	0.0333	0.0333	0.0149	0.0179	0.67	9	127	151	240
3	-40.123	-22.561	0	7	168	184	0.0333	0.0333	0.0149	0.0179	0.67	10	104	164	216
4	-40.242	-22.351	-21	9	0	0	0.0333	0.0333	0.0149	0.0179	0.67	1	168
5	-39.959	-22.425	-30	17	0	0	0.0333	0.0333	0.0149	0.0179	0.67	10	72	108	216
6	-40.097	-22.487	-10	7	0	0	0.0333	0.0333	0.0149	0.0179	0.67	0	64	124	144

Orders information
ID	Commodity/Quantity/Deadline
1	DCP/-15/144	DCD/6/168	DD/220/192	WD/381/240
2	DCP/-18/120	DD/177/192	WD/204/240
3	DCD/7/216	DD/168/144	WD/184/168
4	DCP/-21/144	DCD/9/168
5	DCP/-30/120	DCD/17/216
6	DCP/-10/144	DCD/7/144

Capacity commodity assignment
CAP	DCP	DCD	DD	WD
DC	1	1	0	0
D	0	0	1	0
W	0	0	0	1
