Clients	Orders
6	16

Vehicles	Threshold distance
3	18.0

Vehicles information
ID	DC	D	W	DWT	VL	VH	FCA	FCB	FCN	FCS	SPO	TRI	TDL	ETR
0	450	600	500	1500	8.6	10.9	28	28	216	164	0.39	2	96	0.8
1	570	1000	800	3000	9.4	12.7	56	56	432	327	0.91	1	96	9.5
2	650	1400	1000	4500	10.4	14.1	84	84	648	491	1.02	1	96	9.5

Clients information
ID	LON	LAT	DCP	DCD	DD	WD	DCP_Ef	DCD_Ef	DD_Ef	WD_Ef	SET	ET0	LT0	ET1	LT1
0	-41.770	-21.830	0	0	0	0	0.0200	0.0200	0.0175	0.0098	0.00
1	-39.959	-22.425	-30	6	0	0	0.0333	0.0333	0.0149	0.0179	0.67	26	140
2	-40.089	-22.359	-16	9	300	0	0.0333	0.0333	0.0149	0.0179	0.67	0	143	167	240
3	-40.070	-22.439	-20	21	0	0	0.0333	0.0333	0.0149	0.0179	0.67	19	108	156	168
4	-40.067	-22.547	-27	20	336	395	0.0333	0.0333	0.0149	0.0179	0.67	6	86	110	168
5	-40.055	-22.392	-21	67	211	0	0.0333	0.0333	0.0149	0.0179	0.67	13	80	104	192
6	-39.948	-22.447	0	222	283	0	0.0467	0.0467	0.0128	0.0152	1.42	10	143	167	216

Orders information
ID	Commodity/Quantity/Deadline
1	DCP/-30/144	DCD/6/120
2	DCP/-16/144	DCD/9/192	DD/300/240
3	DCP/-20/144	DCD/21/168
4	DCP/-27/168	DCD/20/144	DD/336/168	WD/395/144
5	DCP/-21/144	DCD/67/192	DD/211/168
6	DCD/222/168	DD/283/216

Capacity commodity assignment
CAP	DCP	DCD	DD	WD
DC	1	1	0	0
D	0	0	1	0
W	0	0	0	1
