Clients	Orders
6	18

Vehicles	Threshold distance
3	18.0

Vehicles information
ID	DC	D	W	DWT	VL	VH	FCA	FCB	FCN	FCS	SPO	TRI	TDL	ETR
0	570	1000	800	3000	9.4	12.7	56	56	432	327	0.91	2	96	0.8
1	570	1000	800	3000	9.4	12.7	56	56	432	327	0.91	1	96	0.8
2	650	1400	1000	4500	10.4	14.1	84	84	648	491	1.02	1	96	0.8

Clients information
ID	LON	LAT	DCP	DCD	DD	WD	DCP_Ef	DCD_Ef	DD_Ef	WD_Ef	SET	ET0	LT0	ET1	LT1
0	-41.770	-21.830	0	0	0	0	0.0200	0.0200	0.0175	0.0098	0.00
1	-40.196	-22.344	0	8	0	204	0.0333	0.0333	0.0149	0.0179	0.67	9	117	177	192
2	-40.070	-22.439	-20	37	221	228	0.0333	0.0333	0.0149	0.0179	0.67	7	113	161	216
3	-40.097	-22.487	-21	16	204	0	0.0333	0.0333	0.0149	0.0179	0.67	0	78	114	192
4	-40.089	-22.359	-16	14	0	0	0.0333	0.0333	0.0149	0.0179	0.67	0	104	140	216
5	-40.030	-22.467	-15	3	220	0	0.0333	0.0333	0.0149	0.0179	0.67	0	153	177	216
6	-40.028	-22.428	-20	12	319	381	0.0333	0.0333	0.0149	0.0179	0.67	0	73	97	240

Orders information
ID	Commodity/Quantity/Deadline
1	DCD/8/192	WD/204/192
2	DCP/-20/168	DCD/37/216	DD/221/144	WD/228/192
3	DCP/-21/144	DCD/16/168	DD/204/192
4	DCP/-16/144	DCD/14/216
5	DCP/-15/144	DCD/3/216	DD/220/192
6	DCP/-20/144	DCD/12/120	DD/319/168	WD/381/240

Capacity commodity assignment
CAP	DCP	DCD	DD	WD
DC	1	1	0	0
D	0	0	1	0
W	0	0	0	1
