Clients	Orders
7	18

Vehicles	Threshold distance
3	18.0

Vehicles information
ID	DC	D	W	DWT	VL	VH	FCA	FCB	FCN	FCS	SPO	TRI	TDL	ETR
0	450	600	500	1500	8.6	10.9	28	28	216	164	0.39	1	96	9.2
1	570	1000	800	3000	9.4	12.7	56	56	432	327	0.91	2	96	3.7
2	570	1000	800	3000	9.4	12.7	56	56	432	327	0.91	2	96	3.7

Clients information
ID	LON	LAT	DCP	DCD	DD	WD	DCP_Ef	DCD_Ef	DD_Ef	WD_Ef	SET	ET0	LT0	ET1	LT1
0	-41.770	-21.830	0	0	0	0	0.0200	0.0200	0.0175	0.0098	0.00
1	-40.055	-22.392	-21	41	0	216	0.0333	0.0333	0.0149	0.0179	0.67	23	46	82	192
2	-40.123	-22.561	0	8	168	0	0.0333	0.0333	0.0149	0.0179	0.67	17	109	169	192
3	-40.196	-22.344	-18	23	177	204	0.0333	0.0333	0.0149	0.0179	0.67	0	144	192	240
4	-40.097	-22.487	-21	14	0	0	0.0333	0.0333	0.0149	0.0179	0.67	0	144
5	-40.070	-22.439	0	49	0	0	0.0333	0.0333	0.0149	0.0179	0.67	0	57	81	144
6	-40.067	-22.547	-27	25	0	0	0.0333	0.0333	0.0149	0.0179	0.67	0	35	83	168
7	-40.242	-22.351	-21	8	259	242	0.0333	0.0333	0.0149	0.0179	0.67	33	87	111	168

Orders information
ID	Commodity/Quantity/Deadline
1	DCP/-21/192	DCD/41/120	WD/216/192
2	DCD/8/192	DD/168/192
3	DCP/-18/144	DCD/23/192	DD/177/168	WD/204/240
4	DCP/-21/144	DCD/14/144
5	DCD/49/144
6	DCP/-27/144	DCD/25/168
7	DCP/-21/144	DCD/8/168	DD/259/144	WD/242/168

Capacity commodity assignment
CAP	DCP	DCD	DD	WD
DC	1	1	0	0
D	0	0	1	0
W	0	0	0	1
