Clients	Orders
7	18

Vehicles	Threshold distance
4	18.0

Vehicles information
ID	DC	D	W	DWT	VL	VH	FCA	FCB	FCN	FCS	SPO	TRI	TDL	ETR
0	450	600	500	1500	8.6	10.9	28	28	216	164	0.39	2	96	0.8
1	450	600	500	1500	8.6	10.9	28	28	216	164	0.39	1	96	2.1
2	570	1000	800	3000	9.4	12.7	56	56	432	327	0.91	2	96	0.8
3	650	1400	1000	4500	10.4	14.1	84	84	648	491	1.02	1	96	2.1

Clients information
ID	LON	LAT	DCP	DCD	DD	WD	DCP_Ef	DCD_Ef	DD_Ef	WD_Ef	SET	ET0	LT0	ET1	LT1
0	-41.770	-21.830	0	0	0	0	0.0200	0.0200	0.0175	0.0098	0.00
1	-39.959	-22.425	-30	30	0	0	0.0333	0.0333	0.0149	0.0179	0.67	0	168
2	-40.028	-22.428	-20	16	319	0	0.0333	0.0333	0.0149	0.0179	0.67	0	127	187	216
3	-40.242	-22.351	-21	5	259	242	0.0333	0.0333	0.0149	0.0179	0.67	19	163	223	240
4	-40.070	-22.439	-20	10	0	228	0.0333	0.0333	0.0149	0.0179	0.67	0	119	179	192
5	-40.196	-22.344	0	14	177	0	0.0333	0.0333	0.0149	0.0179	0.67	3	122	170	216
6	-39.948	-22.447	-46	41	0	0	0.0467	0.0467	0.0128	0.0152	1.42	26	108	144	168
7	-40.097	-22.487	0	23	204	0	0.0333	0.0333	0.0149	0.0179	0.67	15	80	104	168

Orders information
ID	Commodity/Quantity/Deadline
1	DCP/-30/144	DCD/30/168
2	DCP/-20/144	DCD/16/216	DD/319/144
3	DCP/-21/168	DCD/5/120	DD/259/168	WD/242/240
4	DCP/-20/144	DCD/10/192	WD/228/168
5	DCD/14/144	DD/177/216
6	DCP/-46/144	DCD/41/168
7	DCD/23/144	DD/204/168

Capacity commodity assignment
CAP	DCP	DCD	DD	WD
DC	1	1	0	0
D	0	0	1	0
W	0	0	0	1
