Clients	Orders
6	18

Vehicles	Threshold distance
4	18.0

Vehicles information
ID	DC	D	W	DWT	VL	VH	FCA	FCB	FCN	FCS	SPO	TRI	TDL	ETR
0	450	600	500	1500	8.6	10.9	28	28	216	164	0.39	2	96	0.8
1	570	1000	800	3000	9.4	12.7	56	56	432	327	0.91	1	96	0.8
2	570	1000	800	3000	9.4	12.7	56	56	432	327	0.91	1	96	0.8
3	650	1400	1000	4500	10.4	14.1	84	84	648	491	1.02	2	96	0.8

Clients information
ID	LON	LAT	DCP	DCD	DD	WD	DCP_Ef	DCD_Ef	DD_Ef	WD_Ef	SET	ET0	LT0	ET1	LT1
0	-41.770	-21.830	0	0	0	0	0.0200	0.0200	0.0175	0.0098	0.00
1	-40.028	-22.372	-21	16	0	0	0.0333	0.0333	0.0149	0.0179	0.67	0	124	172	216
2	-40.089	-22.359	-16	3	254	0	0.0333	0.0333	0.0149	0.0179	0.67	0	110	134	216
3	-40.242	-22.351	-21	21	259	0	0.0333	0.0333	0.0149	0.0179	0.67	0	98	134	216
4	-40.028	-22.428	-20	28	319	381	0.0333	0.0333	0.0149	0.0179	0.67	7	87	123	216
5	-40.196	-22.344	-18	20	0	204	0.0333	0.0333	0.0149	0.0179	0.67	3	31	91	192
6	-40.070	-22.439	-20	1	0	228	0.0333	0.0333	0.0149	0.0179	0.67	0	106	130	216

Orders information
ID	Commodity/Quantity/Deadline
1	DCP/-21/144	DCD/16/216
2	DCP/-16/144	DCD/3/216	DD/254/168
3	DCP/-21/144	DCD/21/216	DD/259/168
4	DCP/-20/144	DCD/28/168	DD/319/216	WD/381/144
5	DCP/-18/144	DCD/20/144	WD/204/192
6	DCP/-20/168	DCD/1/216	WD/228/168

Capacity commodity assignment
CAP	DCP	DCD	DD	WD
DC	1	1	0	0
D	0	0	1	0
W	0	0	0	1
