Clients	Orders
7	18

Vehicles	Threshold distance
4	18.0

Vehicles information
ID	DC	D	W	DWT	VL	VH	FCA	FCB	FCN	FCS	SPO	TRI	TDL	ETR
0	450	600	500	1500	8.6	10.9	28	28	216	164	0.39	1	96	12.3
1	570	1000	800	3000	9.4	12.7	56	56	432	327	0.91	2	96	6.7
2	570	1000	800	3000	9.4	12.7	56	56	432	327	0.91	1	96	12.3
3	650	1400	1000	4500	10.4	14.1	84	84	648	491	1.02	2	96	6.7

Clients information
ID	LON	LAT	DCP	DCD	DD	WD	DCP_Ef	DCD_Ef	DD_Ef	WD_Ef	SET	ET0	LT0	ET1	LT1
0	-41.770	-21.830	0	0	0	0	0.0200	0.0200	0.0175	0.0098	0.00
1	-40.030	-22.467	-15	26	220	0	0.0333	0.0333	0.0149	0.0179	0.67	7	105	129	216
2	-40.070	-22.439	-20	10	0	0	0.0333	0.0333	0.0149	0.0179	0.67	0	108	132	144
3	-40.067	-22.547	-27	49	0	0	0.0333	0.0333	0.0149	0.0179	0.67	25	192
4	-40.097	-22.487	0	10	204	255	0.0333	0.0333	0.0149	0.0179	0.67	31	168
5	-40.242	-22.351	-21	14	259	0	0.0333	0.0333	0.0149	0.0179	0.67	21	130	154	168
6	-40.028	-22.372	0	23	0	0	0.0333	0.0333	0.0149	0.0179	0.67	0	89	137	168
7	-40.055	-22.392	-21	1	211	216	0.0333	0.0333	0.0149	0.0179	0.67	27	123	147	216

Orders information
ID	Commodity/Quantity/Deadline
1	DCP/-15/168	DCD/26/216	DD/220/168
2	DCP/-20/120	DCD/10/144
3	DCP/-27/144	DCD/49/192
4	DCD/10/168	DD/204/168	WD/255/168
5	DCP/-21/144	DCD/14/168	DD/259/168
6	DCD/23/168
7	DCP/-21/144	DCD/1/192	DD/211/216	WD/216/216

Capacity commodity assignment
CAP	DCP	DCD	DD	WD
DC	1	1	0	0
D	0	0	1	0
W	0	0	0	1
