Clients	Orders
6	18

Vehicles	Threshold distance
4	18.0

Vehicles information
ID	DC	D	W	DWT	VL	VH	FCA	FCB	FCN	FCS	SPO	TRI	TDL	ETR
0	450	600	500	1500	8.6	10.9	28	28	216	164	0.39	1	96	2.4
1	570	1000	800	3000	9.4	12.7	56	56	432	327	0.91	2	96	0.8
2	570	1000	800	3000	9.4	12.7	56	56	432	327	0.91	1	96	2.4
3	650	1400	1000	4500	10.4	14.1	84	84	648	491	1.02	1	96	2.4

Clients information
ID	LON	LAT	DCP	DCD	DD	WD	DCP_Ef	DCD_Ef	DD_Ef	WD_Ef	SET	ET0	LT0	ET1	LT1
0	-41.770	-21.830	0	0	0	0	0.0200	0.0200	0.0175	0.0098	0.00
1	-40.196	-22.344	-18	12	177	204	0.0333	0.0333	0.0149	0.0179	0.67	0	112	160	216
2	-40.067	-22.547	-27	23	0	0	0.0333	0.0333	0.0149	0.0179	0.67	13	97	121	216
3	-40.123	-22.561	-13	7	168	0	0.0333	0.0333	0.0149	0.0179	0.67	20	139	187	216
4	-39.948	-22.447	-46	30	0	0	0.0467	0.0467	0.0128	0.0152	1.42	0	168
5	-40.028	-22.372	-21	36	0	395	0.0333	0.0333	0.0149	0.0179	0.67	3	51	99	168
6	-40.070	-22.439	-20	39	221	228	0.0333	0.0333	0.0149	0.0179	0.67	0	92	152	240

Orders information
ID	Commodity/Quantity/Deadline
1	DCP/-18/192	DCD/12/216	DD/177/144	WD/204/192
2	DCP/-27/144	DCD/23/216
3	DCP/-13/144	DCD/7/168	DD/168/216
4	DCP/-46/168	DCD/30/168
5	DCP/-21/144	DCD/36/144	WD/395/168
6	DCP/-20/144	DCD/39/216	DD/221/168	WD/228/240

Capacity commodity assignment
CAP	DCP	DCD	DD	WD
DC	1	1	0	0
D	0	0	1	0
W	0	0	0	1
