Clients	Orders
7	18

Vehicles	Threshold distance
3	18.0

Vehicles information
ID	DC	D	W	DWT	VL	VH	FCA	FCB	FCN	FCS	SPO	TRI	TDL	ETR
0	570	1000	800	3000	9.4	12.7	56	56	432	327	0.91	2	96	0.8
1	650	1400	1000	4500	10.4	14.1	84	84	648	491	1.02	1	96	0.8
2	650	1400	1000	4500	10.4	14.1	84	84	648	491	1.02	2	96	0.8

Clients information
ID	LON	LAT	DCP	DCD	DD	WD	DCP_Ef	DCD_Ef	DD_Ef	WD_Ef	SET	ET0	LT0	ET1	LT1
0	-41.770	-21.830	0	0	0	0	0.0200	0.0200	0.0175	0.0098	0.00
1	-40.242	-22.351	-21	33	0	242	0.0333	0.0333	0.0149	0.0179	0.67	0	168
2	-40.030	-22.467	-15	17	220	381	0.0333	0.0333	0.0149	0.0179	0.67	6	117	177	192
3	-40.067	-22.547	0	33	336	0	0.0333	0.0333	0.0149	0.0179	0.67	52	131	167	216
4	-40.028	-22.428	-20	25	319	0	0.0333	0.0333	0.0149	0.0179	0.67	18	137	197	216
5	-40.196	-22.344	-18	26	0	0	0.0333	0.0333	0.0149	0.0179	0.67	16	89	113	168
6	-40.097	-22.487	-21	14	0	0	0.0333	0.0333	0.0149	0.0179	0.67	40	94	130	168
7	-40.028	-22.372	-21	45	0	0	0.0333	0.0333	0.0149	0.0179	0.67	3	122	158	216

Orders information
ID	Commodity/Quantity/Deadline
1	DCP/-21/168	DCD/33/144	WD/242/168
2	DCP/-15/144	DCD/17/168	DD/220/192	WD/381/168
3	DCD/33/216	DD/336/192
4	DCP/-20/216	DCD/25/216	DD/319/216
5	DCP/-18/144	DCD/26/168
6	DCP/-21/144	DCD/14/168
7	DCP/-21/144	DCD/45/216

Capacity commodity assignment
CAP	DCP	DCD	DD	WD
DC	1	1	0	0
D	0	0	1	0
W	0	0	0	1
