Clients	Orders
7	18

Vehicles	Threshold distance
2	18.0

Vehicles information
ID	DC	D	W	DWT	VL	VH	FCA	FCB	FCN	FCS	SPO	TRI	TDL	ETR
0	450	600	500	1500	8.6	10.9	28	28	216	164	0.39	2	96	0.8
1	450	600	500	1500	8.6	10.9	28	28	216	164	0.39	1	96	11.7

Clients information
ID	LON	LAT	DCP	DCD	DD	WD	DCP_Ef	DCD_Ef	DD_Ef	WD_Ef	SET	ET0	LT0	ET1	LT1
0	-41.770	-21.830	0	0	0	0	0.0200	0.0200	0.0175	0.0098	0.00
1	-40.097	-22.487	0	28	0	0	0.0333	0.0333	0.0149	0.0179	0.67	4	120
2	-40.055	-22.392	-21	11	211	216	0.0333	0.0333	0.0149	0.0179	0.67	0	66	90	192
3	-40.028	-22.372	0	44	179	395	0.0333	0.0333	0.0149	0.0179	0.67	22	87	111	168
4	-40.070	-22.439	-20	59	0	228	0.0333	0.0333	0.0149	0.0179	0.67	0	240
5	-39.948	-22.447	-46	38	283	0	0.0467	0.0467	0.0128	0.0152	1.42	0	216
6	-40.196	-22.344	-18	12	0	0	0.0333	0.0333	0.0149	0.0179	0.67	0	77	113	120
7	-40.028	-22.428	-20	22	0	0	0.0333	0.0333	0.0149	0.0179	0.67	0	71	131	168

Orders information
ID	Commodity/Quantity/Deadline
1	DCD/28/120
2	DCP/-21/144	DCD/11/168	DD/211/192	WD/216/168
3	DCD/44/120	DD/179/168	WD/395/168
4	DCP/-20/192	DCD/59/168	WD/228/240
5	DCP/-46/144	DCD/38/216	DD/283/168
6	DCP/-18/144	DCD/12/120
7	DCP/-20/144	DCD/22/168

Capacity commodity assignment
CAP	DCP	DCD	DD	WD
DC	1	1	0	0
D	0	0	1	0
W	0	0	0	1
