Clients	Orders
7	20

Vehicles	Threshold distance
4	18.0

Vehicles information
ID	DC	D	W	DWT	VL	VH	FCA	FCB	FCN	FCS	SPO	TRI	TDL	ETR
0	450	600	500	1500	8.6	10.9	28	28	216	164	0.39	1	96	10.8
1	570	1000	800	3000	9.4	12.7	56	56	432	327	0.91	2	96	10.4
2	570	1000	800	3000	9.4	12.7	56	56	432	327	0.91	1	96	10.8
3	650	1400	1000	4500	10.4	14.1	84	84	648	491	1.02	1	96	10.8

Clients information
ID	LON	LAT	DCP	DCD	DD	WD	DCP_Ef	DCD_Ef	DD_Ef	WD_Ef	SET	ET0	LT0	ET1	LT1
0	-41.770	-21.830	0	0	0	0	0.0200	0.0200	0.0175	0.0098	0.00
1	-40.242	-22.351	-21	21	259	242	0.0333	0.0333	0.0149	0.0179	0.67	0	180	204	216
2	-40.055	-22.392	0	34	211	216	0.0333	0.0333	0.0149	0.0179	0.67	0	109	157	216
3	-40.196	-22.344	-18	6	0	204	0.0333	0.0333	0.0149	0.0179	0.67	42	87	111	192
4	-40.089	-22.359	-16	14	0	0	0.0333	0.0333	0.0149	0.0179	0.67	5	120
5	-40.097	-22.487	-21	35	0	255	0.0333	0.0333	0.0149	0.0179	0.67	0	105	153	240
6	-40.028	-22.428	-20	10	0	0	0.0333	0.0333	0.0149	0.0179	0.67	0	100	136	192
7	-40.028	-22.372	-21	5	179	0	0.0333	0.0333	0.0149	0.0179	0.67	0	49	73	192

Orders information
ID	Commodity/Quantity/Deadline
1	DCP/-21/144	DCD/21/168	DD/259/216	WD/242/192
2	DCD/34/216	DD/211/144	WD/216/192
3	DCP/-18/192	DCD/6/120	WD/204/192
4	DCP/-16/144	DCD/14/120
5	DCP/-21/144	DCD/35/192	WD/255/240
6	DCP/-20/144	DCD/10/192
7	DCP/-21/144	DCD/5/168	DD/179/192

Capacity commodity assignment
CAP	DCP	DCD	DD	WD
DC	1	1	0	0
D	0	0	1	0
W	0	0	0	1
