Clients	Orders
7	20

Vehicles	Threshold distance
2	18.0

Vehicles information
ID	DC	D	W	DWT	VL	VH	FCA	FCB	FCN	FCS	SPO	TRI	TDL	ETR
0	650	1400	1000	4500	10.4	14.1	84	84	648	491	1.02	2	96	0.8
1	650	1400	1000	4500	10.4	14.1	84	84	648	491	1.02	1	96	0.8

Clients information
ID	LON	LAT	DCP	DCD	DD	WD	DCP_Ef	DCD_Ef	DD_Ef	WD_Ef	SET	ET0	LT0	ET1	LT1
0	-41.770	-21.830	0	0	0	0	0.0200	0.0200	0.0175	0.0098	0.00
1	-40.089	-22.359	0	18	0	0	0.0333	0.0333	0.0149	0.0179	0.67	0	102	150	168
2	-40.055	-22.392	-21	3	211	0	0.0333	0.0333	0.0149	0.0179	0.67	0	59	95	144
3	-40.196	-22.344	-18	72	177	204	0.0333	0.0333	0.0149	0.0179	0.67	7	119	167	216
4	-40.028	-22.428	-20	44	319	0	0.0333	0.0333	0.0149	0.0179	0.67	18	139	163	168
5	-39.948	-22.447	-46	113	283	0	0.0467	0.0467	0.0128	0.0152	1.42	0	125	161	240
6	-40.070	-22.439	-20	7	0	228	0.0333	0.0333	0.0149	0.0179	0.67	0	125	149	216
7	-40.028	-22.372	-21	31	0	395	0.0333	0.0333	0.0149	0.0179	0.67	0	168

Orders information
ID	Commodity/Quantity/Deadline
1	DCD/18/168
2	DCP/-21/144	DCD/3/120	DD/211/144
3	DCP/-18/168	DCD/72/216	DD/177/168	WD/204/168
4	DCP/-20/144	DCD/44/120	DD/319/168
5	DCP/-46/144	DCD/113/192	DD/283/240
6	DCP/-20/168	DCD/7/216	WD/228/168
7	DCP/-21/144	DCD/31/168	WD/395/168

Capacity commodity assignment
CAP	DCP	DCD	DD	WD
DC	1	1	0	0
D	0	0	1	0
W	0	0	0	1
