Clients	Orders
7	20

Vehicles	Threshold distance
3	18.0

Vehicles information
ID	DC	D	W	DWT	VL	VH	FCA	FCB	FCN	FCS	SPO	TRI	TDL	ETR
0	570	1000	800	3000	9.4	12.7	56	56	432	327	0.91	1	96	7.3
1	570	1000	800	3000	9.4	12.7	56	56	432	327	0.91	2	96	0.8
2	650	1400	1000	4500	10.4	14.1	84	84	648	491	1.02	1	96	7.3

Clients information
ID	LON	LAT	DCP	DCD	DD	WD	DCP_Ef	DCD_Ef	DD_Ef	WD_Ef	SET	ET0	LT0	ET1	LT1
0	-41.770	-21.830	0	0	0	0	0.0200	0.0200	0.0175	0.0098	0.00
1	-40.030	-22.467	0	20	220	0	0.0333	0.0333	0.0149	0.0179	0.67	0	135	171	192
2	-40.089	-22.359	-16	32	300	0	0.0333	0.0333	0.0149	0.0179	0.67	0	132	156	216
3	-40.028	-22.372	-21	56	179	0	0.0333	0.0333	0.0149	0.0179	0.67	0	140	164	192
4	-40.242	-22.351	0	30	0	0	0.0333	0.0333	0.0149	0.0179	0.67	0	144
5	-40.028	-22.428	-20	30	0	381	0.0333	0.0333	0.0149	0.0179	0.67	0	109	157	192
6	-40.055	-22.392	-21	9	211	216	0.0333	0.0333	0.0149	0.0179	0.67	1	98	134	216
7	-40.097	-22.487	-21	25	204	255	0.0333	0.0333	0.0149	0.0179	0.67	0	115	139	192

Orders information
ID	Commodity/Quantity/Deadline
1	DCD/20/168	DD/220/192
2	DCP/-16/144	DCD/32/216	DD/300/168
3	DCP/-21/144	DCD/56/192	DD/179/192
4	DCD/30/144
5	DCP/-20/168	DCD/30/192	WD/381/168
6	DCP/-21/144	DCD/9/168	DD/211/168	WD/216/216
7	DCP/-21/144	DCD/25/168	DD/204/192	WD/255/168

Capacity commodity assignment
CAP	DCP	DCD	DD	WD
DC	1	1	0	0
D	0	0	1	0
W	0	0	0	1
