Clients	Orders
7	20

Vehicles	Threshold distance
3	18.0

Vehicles information
ID	DC	D	W	DWT	VL	VH	FCA	FCB	FCN	FCS	SPO	TRI	TDL	ETR
0	450	600	500	1500	8.6	10.9	28	28	216	164	0.39	2	96	0.8
1	570	1000	800	3000	9.4	12.7	56	56	432	327	0.91	1	96	2.5
2	650	1400	1000	4500	10.4	14.1	84	84	648	491	1.02	1	96	2.5

Clients information
ID	LON	LAT	DCP	DCD	DD	WD	DCP_Ef	DCD_Ef	DD_Ef	WD_Ef	SET	ET0	LT0	ET1	LT1
0	-41.770	-21.830	0	0	0	0	0.0200	0.0200	0.0175	0.0098	0.00
1	-40.055	-22.392	-21	11	0	0	0.0333	0.0333	0.0149	0.0179	0.67	7	109	133	144
2	-40.070	-22.439	0	37	221	228	0.0333	0.0333	0.0149	0.0179	0.67	0	92	116	192
3	-39.959	-22.425	-30	60	0	0	0.0333	0.0333	0.0149	0.0179	0.67	47	113	149	192
4	-40.030	-22.467	-15	10	0	0	0.0333	0.0333	0.0149	0.0179	0.67	0	121	169	216
5	-40.123	-22.561	-13	2	168	0	0.0333	0.0333	0.0149	0.0179	0.67	46	108	168	192
6	-40.067	-22.547	-27	38	336	395	0.0333	0.0333	0.0149	0.0179	0.67	1	126	162	240
7	-40.242	-22.351	-21	3	259	242	0.0333	0.0333	0.0149	0.0179	0.67	0	59	95	168

Orders information
ID	Commodity/Quantity/Deadline
1	DCP/-21/144	DCD/11/144
2	DCD/37/168	DD/221/144	WD/228/192
3	DCP/-30/144	DCD/60/192
4	DCP/-15/144	DCD/10/216
5	DCP/-13/144	DCD/2/192	DD/168/168
6	DCP/-27/144	DCD/38/144	DD/336/168	WD/395/240
7	DCP/-21/144	DCD/3/120	DD/259/168	WD/242/168

Capacity commodity assignment
CAP	DCP	DCD	DD	WD
DC	1	1	0	0
D	0	0	1	0
W	0	0	0	1
