Clients	Orders
7	20

Vehicles	Threshold distance
3	18.0

Vehicles information
ID	DC	D	W	DWT	VL	VH	FCA	FCB	FCN	FCS	SPO	TRI	TDL	ETR
0	570	1000	800	3000	9.4	12.7	56	56	432	327	0.91	2	96	0.8
1	570	1000	800	3000	9.4	12.7	56	56	432	327	0.91	1	96	0.8
2	650	1400	1000	4500	10.4	14.1	84	84	648	491	1.02	1	96	0.8

Clients information
ID	LON	LAT	DCP	DCD	DD	WD	DCP_Ef	DCD_Ef	DD_Ef	WD_Ef	SET	ET0	LT0	ET1	LT1
0	-41.770	-21.830	0	0	0	0	0.0200	0.0200	0.0175	0.0098	0.00
1	-40.067	-22.547	-27	18	336	0	0.0333	0.0333	0.0149	0.0179	0.67	0	111	135	168
2	-40.070	-22.439	-20	11	221	228	0.0333	0.0333	0.0149	0.0179	0.67	4	140	188	240
3	-40.196	-22.344	-18	29	177	0	0.0333	0.0333	0.0149	0.0179	0.67	37	151	211	216
4	-40.123	-22.561	-13	14	168	0	0.0333	0.0333	0.0149	0.0179	0.67	0	84	132	168
5	-39.948	-22.447	0	146	0	0	0.0467	0.0467	0.0128	0.0152	1.42	31	114	150	192
6	-40.028	-22.428	-20	41	0	0	0.0333	0.0333	0.0149	0.0179	0.67	0	90	138	144
7	-40.030	-22.467	-15	13	220	381	0.0333	0.0333	0.0149	0.0179	0.67	0	93	141	192

Orders information
ID	Commodity/Quantity/Deadline
1	DCP/-27/120	DCD/18/120	DD/336/168
2	DCP/-20/168	DCD/11/168	DD/221/192	WD/228/240
3	DCP/-18/144	DCD/29/216	DD/177/168
4	DCP/-13/144	DCD/14/168	DD/168/168
5	DCD/146/192
6	DCP/-20/144	DCD/41/144
7	DCP/-15/144	DCD/13/168	DD/220/192	WD/381/192

Capacity commodity assignment
CAP	DCP	DCD	DD	WD
DC	1	1	0	0
D	0	0	1	0
W	0	0	0	1
