[c107 | G100 | gini15 | SM30] FO_TARGET = 362.4
[c107 | G100 | gini15 | SM30] Melhor LP com slack = 365.2 | iter = 0 | no = 0
[c107 | G100 | gini15 | SM30] Melhor LP válido = 365.2 | iter = 0 | no = 0
[c107 | G100 | gini15 | SM30] Melhor inteiro = 365.2 | iter = 4 | no = 0
[c107 | G100 | gini15 | SM30] Achou LP target = False | iter =  | tempo =  | no = 
[c107 | G100 | gini15 | SM30] Achou INT target = False | iter =  | tempo =  | no = 
[c107 | G100 | gini15 | SM30] Construtiva inicial:
   V0 C0: custo=98.6 rota=[0, 33, 32, 31, 35, 37, 38, 39, 36, 34, 51]
   V0 C1: custo=20.0 rota=[0, 20, 51]
   V0 C2: custo=71.5 rota=[0, 20, 24, 25, 27, 29, 28, 26, 23, 22, 47, 51]
   V0 C3: custo=69.3 rota=[0, 43, 20, 25, 27, 29, 30, 28, 26, 23, 21, 51]
   V0 C4: custo=50.7 rota=[0, 20, 24, 25, 27, 29, 30, 28, 26, 23, 22, 21, 51]
   V0 C5: custo=80.2 rota=[0, 20, 43, 41, 27, 29, 28, 23, 21, 51]
   V0 C6: custo=124.2 rota=[0, 24, 33, 31, 37, 29, 30, 28, 26, 23, 22, 21, 49, 51]
   V0 C7: custo=139.6 rota=[0, 43, 41, 40, 29, 10, 11, 6, 4, 23, 22, 21, 49, 51]
   V0 C8: custo=101.4 rota=[0, 43, 41, 40, 44, 29, 30, 28, 26, 23, 22, 21, 47, 51]
   V0 C9: custo=134.2 rota=[0, 5, 3, 18, 19, 29, 30, 28, 26, 23, 22, 21, 49, 51]
   V0 C10: custo=122.5 rota=[0, 24, 32, 35, 29, 30, 28, 26, 23, 22, 2, 1, 51]
   V0 C11: custo=148.5 rota=[0, 24, 3, 10, 11, 15, 16, 14, 23, 21, 1, 51]
   V0 C12: custo=155.4 rota=[0, 5, 24, 29, 30, 28, 26, 34, 50, 21, 1, 51]
   V0 C13: custo=188.1 rota=[0, 24, 43, 40, 44, 30, 16, 14, 4, 2, 1, 49, 51]
   V0 C14: custo=132.4 rota=[0, 20, 25, 27, 35, 38, 39, 26, 48, 50, 49, 47, 51]
   V0 C15: custo=139.7 rota=[0, 24, 17, 18, 19, 38, 30, 28, 26, 23, 22, 21, 51]
   V0 C16: custo=142.8 rota=[0, 43, 25, 41, 40, 44, 46, 48, 26, 23, 50, 49, 47, 51]
   V0 C17: custo=126.3 rota=[0, 20, 18, 19, 15, 30, 11, 9, 6, 4, 2, 1, 51]
   V0 C18: custo=264.1 rota=[0, 42, 24, 7, 38, 16, 12, 34, 21, 47, 51]
   V0 C19: custo=282.5 rota=[0, 13, 33, 25, 14, 45, 34, 2, 21, 51]
   V0 C20: custo=241.7 rota=[0, 3, 41, 8, 15, 9, 39, 36, 22, 21, 49, 51]
   V0 C21: custo=226.4 rota=[0, 3, 33, 41, 44, 46, 48, 36, 34, 1, 49, 51]
   V0 C22: custo=289.5 rota=[0, 3, 31, 27, 19, 9, 39, 23, 50, 21, 47, 51]
   V0 C23: custo=243.6 rota=[0, 24, 25, 8, 10, 46, 38, 12, 34, 49, 47, 51]
   V0 C24: custo=227.0 rota=[0, 3, 33, 27, 15, 30, 45, 50, 34, 49, 47, 51]
   V0 C25: custo=200.3 rota=[0, 24, 25, 35, 37, 10, 11, 9, 12, 2, 21, 47, 51]
   V0 C26: custo=211.7 rota=[0, 43, 31, 41, 40, 10, 45, 48, 34, 50, 49, 47, 51]
   V0 C27: custo=216.9 rota=[0, 24, 41, 18, 10, 30, 45, 48, 4, 2, 1, 51]
   V0 C28: custo=251.9 rota=[0, 3, 33, 44, 10, 11, 39, 34, 50, 21, 47, 51]
   V0 C29: custo=194.6 rota=[0, 13, 25, 31, 19, 15, 28, 26, 21, 47, 51]
   V0 C30: custo=188.5 rota=[0, 13, 25, 27, 35, 37, 46, 26, 22, 2, 51]
   V0 C31: custo=236.7 rota=[0, 13, 33, 35, 29, 15, 28, 22, 1, 49, 47, 51]
   V0 C32: custo=246.6 rota=[0, 20, 42, 40, 44, 10, 16, 39, 1, 49, 47, 51]
   V0 C33: custo=295.3 rota=[0, 17, 5, 7, 35, 46, 39, 48, 50, 1, 47, 51]
   V0 C34: custo=190.0 rota=[0, 24, 3, 8, 35, 46, 45, 48, 23, 50, 49, 47, 51]
   V0 C35: custo=201.9 rota=[0, 33, 40, 35, 29, 46, 45, 48, 23, 21, 47, 51]
   V0 C36: custo=211.9 rota=[0, 20, 41, 31, 37, 38, 9, 14, 22, 50, 47, 51]
   V0 C37: custo=250.7 rota=[0, 3, 31, 40, 44, 37, 28, 6, 34, 49, 47, 51]
   V0 C38: custo=201.1 rota=[0, 20, 43, 41, 37, 38, 46, 28, 50, 22, 21, 49, 51]
   V0 C39: custo=284.7 rota=[0, 43, 13, 25, 46, 9, 28, 48, 50, 1, 47, 51]
   V0 C40: custo=196.6 rota=[0, 20, 13, 19, 35, 29, 28, 39, 34, 50, 49, 47, 51]
   V0 C41: custo=319.2 rota=[0, 24, 41, 8, 15, 37, 9, 22, 50, 1, 47, 51]
   V0 C42: custo=238.3 rota=[0, 33, 31, 35, 29, 30, 46, 39, 4, 50, 49, 47, 51]
   V0 C43: custo=180.8 rota=[0, 24, 25, 18, 15, 16, 46, 39, 51]
   V0 C44: custo=260.6 rota=[0, 20, 13, 7, 44, 16, 28, 4, 22, 49, 47, 51]
   V0 C45: custo=234.2 rota=[0, 33, 5, 8, 10, 11, 14, 36, 50, 22, 21, 49, 51]
   V0 C46: custo=272.2 rota=[0, 24, 13, 7, 27, 14, 45, 48, 22, 1, 47, 51]
   V1 C0: custo=59.7 rota=[0, 43, 42, 41, 40, 44, 46, 45, 48, 50, 49, 47, 51]
   V1 C1: custo=20.0 rota=[0, 20, 51]
   V1 C2: custo=71.5 rota=[0, 20, 24, 25, 27, 29, 28, 26, 23, 22, 47, 51]
   V1 C3: custo=69.3 rota=[0, 43, 20, 25, 27, 29, 30, 28, 26, 23, 21, 51]
   V1 C4: custo=50.7 rota=[0, 20, 24, 25, 27, 29, 30, 28, 26, 23, 22, 21, 51]
   V1 C5: custo=80.2 rota=[0, 20, 43, 41, 27, 29, 28, 23, 21, 51]
   V1 C6: custo=124.2 rota=[0, 24, 33, 31, 37, 29, 30, 28, 26, 23, 22, 21, 49, 51]
   V1 C7: custo=139.6 rota=[0, 43, 41, 40, 29, 10, 11, 6, 4, 23, 22, 21, 49, 51]
   V1 C8: custo=134.2 rota=[0, 5, 3, 18, 19, 29, 30, 28, 26, 23, 22, 21, 49, 51]
   V1 C9: custo=122.5 rota=[0, 24, 32, 35, 29, 30, 28, 26, 23, 22, 2, 1, 51]
   V1 C10: custo=171.3 rota=[0, 5, 3, 19, 29, 10, 11, 4, 2, 1, 21, 47, 51]
   V1 C11: custo=140.0 rota=[0, 5, 3, 8, 10, 29, 30, 28, 26, 23, 2, 21, 47, 51]
   V1 C12: custo=136.5 rota=[0, 20, 24, 18, 29, 30, 28, 26, 23, 4, 2, 21, 51]
   V1 C13: custo=133.8 rota=[0, 5, 3, 8, 10, 11, 30, 28, 26, 4, 2, 1, 47, 51]
   V1 C14: custo=148.5 rota=[0, 24, 3, 10, 11, 15, 16, 14, 23, 21, 1, 51]
   V1 C15: custo=131.9 rota=[0, 5, 3, 7, 10, 30, 11, 6, 4, 2, 1, 21, 47, 51]
   V1 C16: custo=160.6 rota=[0, 24, 41, 40, 35, 38, 36, 34, 23, 50, 21, 51]
   V1 C17: custo=128.0 rota=[0, 43, 41, 35, 29, 10, 11, 9, 6, 4, 2, 1, 51]
   V1 C18: custo=150.5 rota=[0, 20, 41, 40, 29, 30, 28, 26, 48, 50, 22, 21, 47, 51]
   V1 C19: custo=147.9 rota=[0, 24, 43, 41, 40, 30, 28, 23, 36, 50, 49, 47, 51]
   V1 C20: custo=195.5 rota=[0, 43, 5, 7, 15, 11, 30, 34, 22, 2, 1, 51]
   V1 C21: custo=143.7 rota=[0, 43, 31, 40, 44, 46, 30, 28, 26, 23, 22, 21, 47, 51]
   V1 C22: custo=155.4 rota=[0, 5, 24, 29, 30, 28, 26, 34, 50, 21, 1, 51]
   V1 C23: custo=151.5 rota=[0, 5, 24, 31, 38, 39, 26, 23, 22, 50, 49, 47, 51]
   V1 C24: custo=188.1 rota=[0, 24, 43, 40, 44, 30, 16, 14, 4, 2, 1, 49, 51]
   V1 C25: custo=132.4 rota=[0, 20, 25, 27, 35, 38, 39, 26, 48, 50, 49, 47, 51]
   V1 C26: custo=139.7 rota=[0, 24, 17, 18, 19, 38, 30, 28, 26, 23, 22, 21, 51]
   V1 C27: custo=142.8 rota=[0, 43, 25, 41, 40, 44, 46, 48, 26, 23, 50, 49, 47, 51]
   V1 C28: custo=174.7 rota=[0, 43, 31, 44, 46, 38, 36, 26, 23, 50, 49, 47, 51]
   V1 C29: custo=126.3 rota=[0, 20, 18, 19, 15, 30, 11, 9, 6, 4, 2, 1, 51]
   V1 C30: custo=264.1 rota=[0, 42, 24, 7, 38, 16, 12, 34, 21, 47, 51]
   V1 C31: custo=282.5 rota=[0, 13, 33, 25, 14, 45, 34, 2, 21, 51]
   V1 C32: custo=241.7 rota=[0, 3, 41, 8, 15, 9, 39, 36, 22, 21, 49, 51]
   V1 C33: custo=289.5 rota=[0, 3, 31, 27, 19, 9, 39, 23, 50, 21, 47, 51]
   V1 C34: custo=243.6 rota=[0, 24, 25, 8, 10, 46, 38, 12, 34, 49, 47, 51]
   V1 C35: custo=200.3 rota=[0, 24, 25, 35, 37, 10, 11, 9, 12, 2, 21, 47, 51]
   V1 C36: custo=211.7 rota=[0, 43, 31, 41, 40, 10, 45, 48, 34, 50, 49, 47, 51]
   V1 C37: custo=216.9 rota=[0, 24, 41, 18, 10, 30, 45, 48, 4, 2, 1, 51]
   V1 C38: custo=251.9 rota=[0, 3, 33, 44, 10, 11, 39, 34, 50, 21, 47, 51]
   V1 C39: custo=194.6 rota=[0, 13, 25, 31, 19, 15, 28, 26, 21, 47, 51]
   V1 C40: custo=188.5 rota=[0, 13, 25, 27, 35, 37, 46, 26, 22, 2, 51]
   V1 C41: custo=236.7 rota=[0, 13, 33, 35, 29, 15, 28, 22, 1, 49, 47, 51]
   V1 C42: custo=246.6 rota=[0, 20, 42, 40, 44, 10, 16, 39, 1, 49, 47, 51]
   V1 C43: custo=295.3 rota=[0, 17, 5, 7, 35, 46, 39, 48, 50, 1, 47, 51]
   V1 C44: custo=190.0 rota=[0, 24, 3, 8, 35, 46, 45, 48, 23, 50, 49, 47, 51]
   V1 C45: custo=201.9 rota=[0, 33, 40, 35, 29, 46, 45, 48, 23, 21, 47, 51]
   V1 C46: custo=211.9 rota=[0, 20, 41, 31, 37, 38, 9, 14, 22, 50, 47, 51]
   V1 C47: custo=250.7 rota=[0, 3, 31, 40, 44, 37, 28, 6, 34, 49, 47, 51]
   V1 C48: custo=284.7 rota=[0, 43, 13, 25, 46, 9, 28, 48, 50, 1, 47, 51]
   V1 C49: custo=196.6 rota=[0, 20, 13, 19, 35, 29, 28, 39, 34, 50, 49, 47, 51]
   V1 C50: custo=319.2 rota=[0, 24, 41, 8, 15, 37, 9, 22, 50, 1, 47, 51]
   V1 C51: custo=238.3 rota=[0, 33, 31, 35, 29, 30, 46, 39, 4, 50, 49, 47, 51]
   V1 C52: custo=180.8 rota=[0, 24, 25, 18, 15, 16, 46, 39, 51]
   V1 C53: custo=260.6 rota=[0, 20, 13, 7, 44, 16, 28, 4, 22, 49, 47, 51]
   V1 C54: custo=234.2 rota=[0, 33, 5, 8, 10, 11, 14, 36, 50, 22, 21, 49, 51]
   V1 C55: custo=272.2 rota=[0, 24, 13, 7, 27, 14, 45, 48, 22, 1, 47, 51]
   V2 C0: custo=60.4 rota=[0, 3, 5, 7, 8, 10, 11, 9, 6, 4, 2, 1, 51]
   V2 C1: custo=20.0 rota=[0, 20, 51]
   V2 C2: custo=71.5 rota=[0, 20, 24, 25, 27, 29, 28, 26, 23, 22, 47, 51]
   V2 C3: custo=69.3 rota=[0, 43, 20, 25, 27, 29, 30, 28, 26, 23, 21, 51]
   V2 C4: custo=50.7 rota=[0, 20, 24, 25, 27, 29, 30, 28, 26, 23, 22, 21, 51]
   V2 C5: custo=80.2 rota=[0, 20, 43, 41, 27, 29, 28, 23, 21, 51]
   V2 C6: custo=122.5 rota=[0, 24, 32, 35, 29, 30, 28, 26, 23, 22, 2, 1, 51]
   V2 C7: custo=171.3 rota=[0, 5, 3, 19, 29, 10, 11, 4, 2, 1, 21, 47, 51]
   V2 C8: custo=140.0 rota=[0, 5, 3, 8, 10, 29, 30, 28, 26, 23, 2, 21, 47, 51]
   V2 C9: custo=136.5 rota=[0, 20, 24, 18, 29, 30, 28, 26, 23, 4, 2, 21, 51]
   V2 C10: custo=133.8 rota=[0, 5, 3, 8, 10, 11, 30, 28, 26, 4, 2, 1, 47, 51]
   V2 C11: custo=138.7 rota=[0, 43, 24, 31, 29, 30, 28, 26, 6, 4, 22, 21, 51]
   V2 C12: custo=148.5 rota=[0, 24, 3, 10, 11, 15, 16, 14, 23, 21, 1, 51]
   V2 C13: custo=131.9 rota=[0, 5, 3, 7, 10, 30, 11, 6, 4, 2, 1, 21, 47, 51]
   V2 C14: custo=160.6 rota=[0, 24, 41, 40, 35, 38, 36, 34, 23, 50, 21, 51]
   V2 C15: custo=128.0 rota=[0, 43, 41, 35, 29, 10, 11, 9, 6, 4, 2, 1, 51]
   V2 C16: custo=150.5 rota=[0, 20, 41, 40, 29, 30, 28, 26, 48, 50, 22, 21, 47, 51]
   V2 C17: custo=147.9 rota=[0, 24, 43, 41, 40, 30, 28, 23, 36, 50, 49, 47, 51]
   V2 C18: custo=227.8 rota=[0, 33, 17, 15, 30, 39, 28, 26, 50, 21, 47, 51]
   V2 C19: custo=195.5 rota=[0, 43, 5, 7, 15, 11, 30, 34, 22, 2, 1, 51]
   V2 C20: custo=143.7 rota=[0, 43, 31, 40, 44, 46, 30, 28, 26, 23, 22, 21, 47, 51]
   V2 C21: custo=147.2 rota=[0, 5, 24, 25, 27, 38, 30, 28, 26, 23, 50, 49, 47, 51]
   V2 C22: custo=155.4 rota=[0, 5, 24, 29, 30, 28, 26, 34, 50, 21, 1, 51]
   V2 C23: custo=151.5 rota=[0, 5, 24, 31, 38, 39, 26, 23, 22, 50, 49, 47, 51]
   V2 C24: custo=188.1 rota=[0, 24, 43, 40, 44, 30, 16, 14, 4, 2, 1, 49, 51]
   V2 C25: custo=132.4 rota=[0, 20, 25, 27, 35, 38, 39, 26, 48, 50, 49, 47, 51]
   V2 C26: custo=139.7 rota=[0, 24, 17, 18, 19, 38, 30, 28, 26, 23, 22, 21, 51]
   V2 C27: custo=142.8 rota=[0, 43, 25, 41, 40, 44, 46, 48, 26, 23, 50, 49, 47, 51]
   V2 C28: custo=174.7 rota=[0, 43, 31, 44, 46, 38, 36, 26, 23, 50, 49, 47, 51]
   V2 C29: custo=126.3 rota=[0, 20, 18, 19, 15, 30, 11, 9, 6, 4, 2, 1, 51]
   V2 C30: custo=264.1 rota=[0, 42, 24, 7, 38, 16, 12, 34, 21, 47, 51]
   V2 C31: custo=282.5 rota=[0, 13, 33, 25, 14, 45, 34, 2, 21, 51]
   V2 C32: custo=241.7 rota=[0, 3, 41, 8, 15, 9, 39, 36, 22, 21, 49, 51]
   V2 C33: custo=226.4 rota=[0, 3, 33, 41, 44, 46, 48, 36, 34, 1, 49, 51]
   V2 C34: custo=289.5 rota=[0, 3, 31, 27, 19, 9, 39, 23, 50, 21, 47, 51]
   V2 C35: custo=243.6 rota=[0, 24, 25, 8, 10, 46, 38, 12, 34, 49, 47, 51]
   V2 C36: custo=200.3 rota=[0, 24, 25, 35, 37, 10, 11, 9, 12, 2, 21, 47, 51]
   V2 C37: custo=211.7 rota=[0, 43, 31, 41, 40, 10, 45, 48, 34, 50, 49, 47, 51]
   V2 C38: custo=216.9 rota=[0, 24, 41, 18, 10, 30, 45, 48, 4, 2, 1, 51]
   V2 C39: custo=251.9 rota=[0, 3, 33, 44, 10, 11, 39, 34, 50, 21, 47, 51]
   V2 C40: custo=194.6 rota=[0, 13, 25, 31, 19, 15, 28, 26, 21, 47, 51]
   V2 C41: custo=188.5 rota=[0, 13, 25, 27, 35, 37, 46, 26, 22, 2, 51]
   V2 C42: custo=236.7 rota=[0, 13, 33, 35, 29, 15, 28, 22, 1, 49, 47, 51]
   V2 C43: custo=246.6 rota=[0, 20, 42, 40, 44, 10, 16, 39, 1, 49, 47, 51]
   V2 C44: custo=211.9 rota=[0, 20, 41, 31, 37, 38, 9, 14, 22, 50, 47, 51]
   V2 C45: custo=319.2 rota=[0, 24, 41, 8, 15, 37, 9, 22, 50, 1, 47, 51]
   V2 C46: custo=238.3 rota=[0, 33, 31, 35, 29, 30, 46, 39, 4, 50, 49, 47, 51]
   V2 C47: custo=180.8 rota=[0, 24, 25, 18, 15, 16, 46, 39, 51]
   V2 C48: custo=260.6 rota=[0, 20, 13, 7, 44, 16, 28, 4, 22, 49, 47, 51]
   V2 C49: custo=234.2 rota=[0, 33, 5, 8, 10, 11, 14, 36, 50, 22, 21, 49, 51]
   V2 C50: custo=272.2 rota=[0, 24, 13, 7, 27, 14, 45, 48, 22, 1, 47, 51]
   V3 C0: custo=95.8 rota=[0, 13, 17, 18, 19, 15, 16, 14, 12, 51]
   V3 C1: custo=20.0 rota=[0, 20, 51]
   V3 C2: custo=50.7 rota=[0, 20, 24, 25, 27, 29, 30, 28, 26, 23, 22, 21, 51]
   V3 C3: custo=80.2 rota=[0, 20, 43, 41, 27, 29, 28, 23, 21, 51]
   V3 C4: custo=187.8 rota=[0, 5, 3, 18, 29, 30, 28, 23, 36, 50, 21, 47, 51]
   V3 C5: custo=131.9 rota=[0, 5, 3, 7, 10, 30, 11, 6, 4, 2, 1, 21, 47, 51]
   V3 C6: custo=160.6 rota=[0, 24, 41, 40, 35, 38, 36, 34, 23, 50, 21, 51]
   V3 C7: custo=128.0 rota=[0, 43, 41, 35, 29, 10, 11, 9, 6, 4, 2, 1, 51]
   V3 C8: custo=150.5 rota=[0, 20, 41, 40, 29, 30, 28, 26, 48, 50, 22, 21, 47, 51]
   V3 C9: custo=147.9 rota=[0, 24, 43, 41, 40, 30, 28, 23, 36, 50, 49, 47, 51]
   V3 C10: custo=227.8 rota=[0, 33, 17, 15, 30, 39, 28, 26, 50, 21, 47, 51]
   V3 C11: custo=195.5 rota=[0, 43, 5, 7, 15, 11, 30, 34, 22, 2, 1, 51]
   V3 C12: custo=143.7 rota=[0, 43, 31, 40, 44, 46, 30, 28, 26, 23, 22, 21, 47, 51]
   V3 C13: custo=147.2 rota=[0, 5, 24, 25, 27, 38, 30, 28, 26, 23, 50, 49, 47, 51]
   V3 C14: custo=155.4 rota=[0, 5, 24, 29, 30, 28, 26, 34, 50, 21, 1, 51]
   V3 C15: custo=139.7 rota=[0, 24, 17, 18, 19, 38, 30, 28, 26, 23, 22, 21, 51]
   V3 C16: custo=142.8 rota=[0, 43, 25, 41, 40, 44, 46, 48, 26, 23, 50, 49, 47, 51]
   V3 C17: custo=174.7 rota=[0, 43, 31, 44, 46, 38, 36, 26, 23, 50, 49, 47, 51]
   V3 C18: custo=126.3 rota=[0, 20, 18, 19, 15, 30, 11, 9, 6, 4, 2, 1, 51]
   V3 C19: custo=264.1 rota=[0, 42, 24, 7, 38, 16, 12, 34, 21, 47, 51]
   V3 C20: custo=282.5 rota=[0, 13, 33, 25, 14, 45, 34, 2, 21, 51]
   V3 C21: custo=241.7 rota=[0, 3, 41, 8, 15, 9, 39, 36, 22, 21, 49, 51]
   V3 C22: custo=289.5 rota=[0, 3, 31, 27, 19, 9, 39, 23, 50, 21, 47, 51]
   V3 C23: custo=200.3 rota=[0, 24, 25, 35, 37, 10, 11, 9, 12, 2, 21, 47, 51]
   V3 C24: custo=216.9 rota=[0, 24, 41, 18, 10, 30, 45, 48, 4, 2, 1, 51]
   V3 C25: custo=251.9 rota=[0, 3, 33, 44, 10, 11, 39, 34, 50, 21, 47, 51]
   V3 C26: custo=194.6 rota=[0, 13, 25, 31, 19, 15, 28, 26, 21, 47, 51]
   V3 C27: custo=188.5 rota=[0, 13, 25, 27, 35, 37, 46, 26, 22, 2, 51]
   V3 C28: custo=236.7 rota=[0, 13, 33, 35, 29, 15, 28, 22, 1, 49, 47, 51]
   V3 C29: custo=246.6 rota=[0, 20, 42, 40, 44, 10, 16, 39, 1, 49, 47, 51]
   V3 C30: custo=295.3 rota=[0, 17, 5, 7, 35, 46, 39, 48, 50, 1, 47, 51]
   V3 C31: custo=190.0 rota=[0, 24, 3, 8, 35, 46, 45, 48, 23, 50, 49, 47, 51]
   V3 C32: custo=201.9 rota=[0, 33, 40, 35, 29, 46, 45, 48, 23, 21, 47, 51]
   V3 C33: custo=211.9 rota=[0, 20, 41, 31, 37, 38, 9, 14, 22, 50, 47, 51]
   V3 C34: custo=250.7 rota=[0, 3, 31, 40, 44, 37, 28, 6, 34, 49, 47, 51]
   V3 C35: custo=319.2 rota=[0, 24, 41, 8, 15, 37, 9, 22, 50, 1, 47, 51]
   V3 C36: custo=238.3 rota=[0, 33, 31, 35, 29, 30, 46, 39, 4, 50, 49, 47, 51]
   V3 C37: custo=180.8 rota=[0, 24, 25, 18, 15, 16, 46, 39, 51]
   V3 C38: custo=260.6 rota=[0, 20, 13, 7, 44, 16, 28, 4, 22, 49, 47, 51]
   V3 C39: custo=234.2 rota=[0, 33, 5, 8, 10, 11, 14, 36, 50, 22, 21, 49, 51]
   V3 C40: custo=272.2 rota=[0, 24, 13, 7, 27, 14, 45, 48, 22, 1, 47, 51]
   V4 C0: custo=50.7 rota=[0, 20, 24, 25, 27, 29, 30, 28, 26, 23, 22, 21, 51]
   V4 C1: custo=20.0 rota=[0, 20, 51]
   V4 C2: custo=80.2 rota=[0, 20, 43, 41, 27, 29, 28, 23, 21, 51]
   V4 C3: custo=128.0 rota=[0, 43, 41, 35, 29, 10, 11, 9, 6, 4, 2, 1, 51]
   V4 C4: custo=150.5 rota=[0, 20, 41, 40, 29, 30, 28, 26, 48, 50, 22, 21, 47, 51]
   V4 C5: custo=147.9 rota=[0, 24, 43, 41, 40, 30, 28, 23, 36, 50, 49, 47, 51]
   V4 C6: custo=227.8 rota=[0, 33, 17, 15, 30, 39, 28, 26, 50, 21, 47, 51]
   V4 C7: custo=195.5 rota=[0, 43, 5, 7, 15, 11, 30, 34, 22, 2, 1, 51]
   V4 C8: custo=143.7 rota=[0, 43, 31, 40, 44, 46, 30, 28, 26, 23, 22, 21, 47, 51]
   V4 C9: custo=147.2 rota=[0, 5, 24, 25, 27, 38, 30, 28, 26, 23, 50, 49, 47, 51]
   V4 C10: custo=155.4 rota=[0, 5, 24, 29, 30, 28, 26, 34, 50, 21, 1, 51]
   V4 C11: custo=151.5 rota=[0, 5, 24, 31, 38, 39, 26, 23, 22, 50, 49, 47, 51]
   V4 C12: custo=188.1 rota=[0, 24, 43, 40, 44, 30, 16, 14, 4, 2, 1, 49, 51]
   V4 C13: custo=132.4 rota=[0, 20, 25, 27, 35, 38, 39, 26, 48, 50, 49, 47, 51]
   V4 C14: custo=139.7 rota=[0, 24, 17, 18, 19, 38, 30, 28, 26, 23, 22, 21, 51]
   V4 C15: custo=142.8 rota=[0, 43, 25, 41, 40, 44, 46, 48, 26, 23, 50, 49, 47, 51]
   V4 C16: custo=174.7 rota=[0, 43, 31, 44, 46, 38, 36, 26, 23, 50, 49, 47, 51]
   V4 C17: custo=126.3 rota=[0, 20, 18, 19, 15, 30, 11, 9, 6, 4, 2, 1, 51]
   V4 C18: custo=264.1 rota=[0, 42, 24, 7, 38, 16, 12, 34, 21, 47, 51]
   V4 C19: custo=282.5 rota=[0, 13, 33, 25, 14, 45, 34, 2, 21, 51]
   V4 C20: custo=241.7 rota=[0, 3, 41, 8, 15, 9, 39, 36, 22, 21, 49, 51]
   V4 C21: custo=227.0 rota=[0, 3, 33, 27, 15, 30, 45, 50, 34, 49, 47, 51]
   V4 C22: custo=200.3 rota=[0, 24, 25, 35, 37, 10, 11, 9, 12, 2, 21, 47, 51]
   V4 C23: custo=211.7 rota=[0, 43, 31, 41, 40, 10, 45, 48, 34, 50, 49, 47, 51]
   V4 C24: custo=216.9 rota=[0, 24, 41, 18, 10, 30, 45, 48, 4, 2, 1, 51]
   V4 C25: custo=251.9 rota=[0, 3, 33, 44, 10, 11, 39, 34, 50, 21, 47, 51]
   V4 C26: custo=236.7 rota=[0, 13, 33, 35, 29, 15, 28, 22, 1, 49, 47, 51]
   V4 C27: custo=246.6 rota=[0, 20, 42, 40, 44, 10, 16, 39, 1, 49, 47, 51]
   V4 C28: custo=201.9 rota=[0, 33, 40, 35, 29, 46, 45, 48, 23, 21, 47, 51]
   V4 C29: custo=211.9 rota=[0, 20, 41, 31, 37, 38, 9, 14, 22, 50, 47, 51]
   V4 C30: custo=180.8 rota=[0, 24, 25, 18, 15, 16, 46, 39, 51]
   V4 C31: custo=260.6 rota=[0, 20, 13, 7, 44, 16, 28, 4, 22, 49, 47, 51]
   V4 C32: custo=272.2 rota=[0, 24, 13, 7, 27, 14, 45, 48, 22, 1, 47, 51]
