[c107 | G100 | gini30 | SM30] FO_TARGET = 362.4
[c107 | G100 | gini30 | SM30] Melhor LP com slack = 365.2 | iter = 0 | no = 0
[c107 | G100 | gini30 | SM30] Melhor LP válido = 365.2 | iter = 0 | no = 0
[c107 | G100 | gini30 | SM30] Melhor inteiro = 365.2 | iter = 4 | no = 0
[c107 | G100 | gini30 | SM30] Achou LP target = False | iter =  | tempo =  | no = 
[c107 | G100 | gini30 | SM30] Achou INT target = False | iter =  | tempo =  | no = 
[c107 | G100 | gini30 | SM30] Construtiva inicial:
   V0 C0: custo=98.6 rota=[0, 33, 32, 31, 35, 37, 38, 39, 36, 34, 51]
   V0 C1: custo=20.0 rota=[0, 20, 51]
   V0 C2: custo=20.0 rota=[0, 20, 51]
   V0 C3: custo=90.8 rota=[0, 20, 24, 27, 29, 44, 46, 45, 26, 21, 51]
   V0 C4: custo=75.8 rota=[0, 20, 3, 7, 9, 6, 4, 1, 21, 51]
   V0 C5: custo=138.9 rota=[0, 5, 3, 25, 29, 30, 11, 28, 23, 22, 50, 49, 47, 51]
   V0 C6: custo=148.0 rota=[0, 5, 7, 27, 29, 44, 46, 48, 36, 34, 50, 49, 47, 51]
   V0 C7: custo=176.9 rota=[0, 5, 17, 10, 11, 9, 28, 23, 2, 22, 49, 47, 51]
   V0 C8: custo=170.1 rota=[0, 3, 5, 41, 40, 44, 46, 48, 23, 22, 2, 47, 51]
   V0 C9: custo=196.4 rota=[0, 5, 18, 19, 29, 37, 45, 48, 23, 22, 49, 47, 51]
   V0 C10: custo=176.6 rota=[0, 25, 7, 8, 15, 11, 23, 2, 22, 47, 51]
   V0 C11: custo=203.3 rota=[0, 5, 3, 19, 27, 29, 11, 9, 23, 2, 1, 47, 51]
   V0 C12: custo=187.3 rota=[0, 3, 43, 27, 29, 46, 48, 36, 23, 22, 21, 47, 51]
   V0 C13: custo=193.3 rota=[0, 17, 18, 25, 27, 29, 11, 28, 23, 2, 1, 47, 51]
   V0 C14: custo=146.8 rota=[0, 33, 31, 41, 27, 30, 46, 45, 48, 50, 49, 47, 51]
   V0 C15: custo=160.6 rota=[0, 5, 25, 27, 15, 11, 9, 28, 22, 2, 1, 51]
   V0 C16: custo=138.7 rota=[0, 5, 7, 25, 29, 11, 9, 28, 23, 22, 21, 49, 47, 51]
   V0 C17: custo=160.7 rota=[0, 24, 25, 27, 29, 38, 39, 45, 36, 50, 49, 47, 51]
   V0 C18: custo=137.4 rota=[0, 5, 7, 8, 27, 29, 45, 48, 36, 23, 22, 21, 51]
   V0 C19: custo=159.8 rota=[0, 24, 25, 27, 40, 46, 45, 9, 4, 2, 22, 47, 51]
   V0 C20: custo=158.5 rota=[0, 33, 25, 35, 29, 28, 26, 23, 22, 50, 47, 51]
   V0 C21: custo=170.2 rota=[0, 3, 17, 18, 19, 16, 14, 28, 36, 22, 21, 47, 51]
   V0 C22: custo=131.0 rota=[0, 24, 25, 8, 10, 11, 16, 9, 4, 2, 21, 51]
   V0 C23: custo=169.5 rota=[0, 43, 25, 27, 35, 29, 30, 9, 23, 22, 49, 47, 51]
   V0 C24: custo=231.0 rota=[0, 13, 33, 41, 35, 37, 38, 12, 22, 21, 51]
   V0 C25: custo=234.4 rota=[0, 42, 43, 8, 11, 39, 14, 12, 2, 21, 49, 51]
   V0 C26: custo=269.5 rota=[0, 42, 17, 29, 38, 16, 26, 34, 22, 49, 47, 51]
   V0 C27: custo=224.2 rota=[0, 33, 24, 7, 44, 28, 36, 26, 23, 22, 21, 47, 51]
   V0 C28: custo=259.5 rota=[0, 17, 7, 40, 15, 16, 12, 6, 34, 47, 51]
   V0 C29: custo=207.0 rota=[0, 17, 24, 25, 44, 46, 30, 39, 36, 2, 1, 51]
   V0 C30: custo=214.8 rota=[0, 43, 42, 40, 8, 37, 36, 26, 1, 21, 47, 51]
   V0 C31: custo=228.3 rota=[0, 3, 33, 31, 29, 16, 28, 26, 34, 21, 49, 51]
   V0 C32: custo=207.9 rota=[0, 43, 24, 7, 15, 29, 28, 39, 36, 22, 21, 49, 51]
   V0 C33: custo=238.4 rota=[0, 42, 5, 8, 44, 30, 39, 48, 50, 22, 21, 47, 51]
   V0 C34: custo=290.6 rota=[0, 43, 25, 7, 40, 11, 39, 12, 22, 49, 47, 51]
   V0 C35: custo=249.9 rota=[0, 20, 41, 7, 11, 39, 45, 23, 34, 21, 47, 51]
   V0 C36: custo=188.2 rota=[0, 43, 41, 8, 10, 44, 38, 39, 34, 50, 49, 47, 51]
   V0 C37: custo=233.1 rota=[0, 20, 13, 7, 46, 16, 9, 22, 50, 49, 47, 51]
   V0 C38: custo=226.1 rota=[0, 17, 8, 29, 37, 46, 6, 23, 22, 21, 47, 51]
   V0 C39: custo=213.9 rota=[0, 3, 18, 31, 40, 45, 9, 23, 22, 49, 47, 51]
   V0 C40: custo=245.1 rota=[0, 5, 20, 27, 8, 16, 38, 39, 4, 21, 47, 51]
   V0 C41: custo=287.7 rota=[0, 13, 17, 31, 46, 14, 48, 34, 22, 21, 47, 51]
   V0 C42: custo=243.4 rota=[0, 17, 18, 8, 10, 29, 12, 48, 34, 49, 47, 51]
   V0 C43: custo=272.2 rota=[0, 3, 42, 41, 44, 28, 9, 12, 50, 1, 47, 51]
   V0 C44: custo=167.5 rota=[0, 24, 42, 40, 27, 39, 9, 6, 23, 22, 21, 51]
   V0 C45: custo=258.8 rota=[0, 3, 43, 27, 37, 15, 9, 36, 22, 49, 47, 51]
   V0 C46: custo=231.0 rota=[0, 43, 17, 18, 8, 29, 14, 6, 4, 22, 49, 47, 51]
   V0 C47: custo=225.7 rota=[0, 20, 13, 37, 10, 11, 4, 34, 22, 47, 51]
   V0 C48: custo=227.0 rota=[0, 43, 13, 25, 10, 15, 39, 26, 23, 22, 47, 51]
   V0 C49: custo=203.3 rota=[0, 3, 32, 41, 40, 30, 45, 48, 50, 22, 49, 47, 51]
   V0 C50: custo=243.1 rota=[0, 17, 5, 7, 8, 10, 14, 39, 34, 22, 1, 47, 51]
   V0 C51: custo=278.4 rota=[0, 3, 17, 8, 35, 30, 4, 34, 50, 21, 47, 51]
   V0 C52: custo=269.3 rota=[0, 24, 41, 18, 15, 11, 12, 34, 22, 1, 47, 51]
   V1 C0: custo=59.7 rota=[0, 43, 42, 41, 40, 44, 46, 45, 48, 50, 49, 47, 51]
   V1 C1: custo=20.0 rota=[0, 20, 51]
   V1 C2: custo=104.8 rota=[0, 43, 24, 27, 8, 10, 6, 4, 1, 21, 51]
   V1 C3: custo=20.0 rota=[0, 20, 51]
   V1 C4: custo=90.8 rota=[0, 20, 24, 27, 29, 44, 46, 45, 26, 21, 51]
   V1 C5: custo=75.8 rota=[0, 20, 3, 7, 9, 6, 4, 1, 21, 51]
   V1 C6: custo=148.0 rota=[0, 5, 7, 27, 29, 44, 46, 48, 36, 34, 50, 49, 47, 51]
   V1 C7: custo=176.9 rota=[0, 5, 17, 10, 11, 9, 28, 23, 2, 22, 49, 47, 51]
   V1 C8: custo=170.1 rota=[0, 3, 5, 41, 40, 44, 46, 48, 23, 22, 2, 47, 51]
   V1 C9: custo=196.4 rota=[0, 5, 18, 19, 29, 37, 45, 48, 23, 22, 49, 47, 51]
   V1 C10: custo=176.6 rota=[0, 25, 7, 8, 15, 11, 23, 2, 22, 47, 51]
   V1 C11: custo=203.3 rota=[0, 5, 3, 19, 27, 29, 11, 9, 23, 2, 1, 47, 51]
   V1 C12: custo=187.3 rota=[0, 3, 43, 27, 29, 46, 48, 36, 23, 22, 21, 47, 51]
   V1 C13: custo=193.3 rota=[0, 17, 18, 25, 27, 29, 11, 28, 23, 2, 1, 47, 51]
   V1 C14: custo=216.3 rota=[0, 43, 25, 41, 40, 28, 45, 48, 50, 2, 47, 51]
   V1 C15: custo=146.8 rota=[0, 33, 31, 41, 27, 30, 46, 45, 48, 50, 49, 47, 51]
   V1 C16: custo=160.6 rota=[0, 5, 25, 27, 15, 11, 9, 28, 22, 2, 1, 51]
   V1 C17: custo=138.7 rota=[0, 5, 7, 25, 29, 11, 9, 28, 23, 22, 21, 49, 47, 51]
   V1 C18: custo=215.1 rota=[0, 5, 7, 8, 27, 29, 11, 45, 23, 2, 21, 47, 51]
   V1 C19: custo=227.5 rota=[0, 17, 25, 31, 29, 11, 9, 23, 2, 22, 21, 47, 51]
   V1 C20: custo=160.7 rota=[0, 24, 25, 27, 29, 38, 39, 45, 36, 50, 49, 47, 51]
   V1 C21: custo=161.0 rota=[0, 17, 25, 29, 35, 37, 39, 36, 34, 22, 21, 47, 51]
   V1 C22: custo=137.4 rota=[0, 5, 7, 8, 27, 29, 45, 48, 36, 23, 22, 21, 51]
   V1 C23: custo=177.0 rota=[0, 43, 41, 27, 10, 11, 30, 28, 23, 22, 2, 47, 51]
   V1 C24: custo=147.6 rota=[0, 43, 24, 31, 35, 37, 39, 28, 48, 50, 49, 47, 51]
   V1 C25: custo=159.8 rota=[0, 24, 25, 27, 40, 46, 45, 9, 4, 2, 22, 47, 51]
   V1 C26: custo=129.8 rota=[0, 24, 25, 27, 29, 30, 28, 45, 23, 22, 2, 1, 51]
   V1 C27: custo=158.5 rota=[0, 33, 25, 35, 29, 28, 26, 23, 22, 50, 47, 51]
   V1 C28: custo=170.2 rota=[0, 3, 17, 18, 19, 16, 14, 28, 36, 22, 21, 47, 51]
   V1 C29: custo=131.0 rota=[0, 24, 25, 8, 10, 11, 16, 9, 4, 2, 21, 51]
   V1 C30: custo=169.5 rota=[0, 43, 25, 27, 35, 29, 30, 9, 23, 22, 49, 47, 51]
   V1 C31: custo=231.0 rota=[0, 13, 33, 41, 35, 37, 38, 12, 22, 21, 51]
   V1 C32: custo=259.5 rota=[0, 17, 7, 40, 15, 16, 12, 6, 34, 47, 51]
   V1 C33: custo=207.0 rota=[0, 17, 24, 25, 44, 46, 30, 39, 36, 2, 1, 51]
   V1 C34: custo=214.8 rota=[0, 43, 42, 40, 8, 37, 36, 26, 1, 21, 47, 51]
   V1 C35: custo=228.3 rota=[0, 3, 33, 31, 29, 16, 28, 26, 34, 21, 49, 51]
   V1 C36: custo=207.9 rota=[0, 43, 24, 7, 15, 29, 28, 39, 36, 22, 21, 49, 51]
   V1 C37: custo=238.4 rota=[0, 42, 5, 8, 44, 30, 39, 48, 50, 22, 21, 47, 51]
   V1 C38: custo=249.9 rota=[0, 20, 41, 7, 11, 39, 45, 23, 34, 21, 47, 51]
   V1 C39: custo=233.1 rota=[0, 20, 13, 7, 46, 16, 9, 22, 50, 49, 47, 51]
   V1 C40: custo=226.1 rota=[0, 17, 8, 29, 37, 46, 6, 23, 22, 21, 47, 51]
   V1 C41: custo=213.9 rota=[0, 3, 18, 31, 40, 45, 9, 23, 22, 49, 47, 51]
   V1 C42: custo=272.2 rota=[0, 3, 42, 41, 44, 28, 9, 12, 50, 1, 47, 51]
   V1 C43: custo=167.5 rota=[0, 24, 42, 40, 27, 39, 9, 6, 23, 22, 21, 51]
   V1 C44: custo=231.0 rota=[0, 43, 17, 18, 8, 29, 14, 6, 4, 22, 49, 47, 51]
   V1 C45: custo=225.7 rota=[0, 20, 13, 37, 10, 11, 4, 34, 22, 47, 51]
   V1 C46: custo=227.0 rota=[0, 43, 13, 25, 10, 15, 39, 26, 23, 22, 47, 51]
   V1 C47: custo=203.3 rota=[0, 3, 32, 41, 40, 30, 45, 48, 50, 22, 49, 47, 51]
   V1 C48: custo=243.1 rota=[0, 17, 5, 7, 8, 10, 14, 39, 34, 22, 1, 47, 51]
   V1 C49: custo=278.4 rota=[0, 3, 17, 8, 35, 30, 4, 34, 50, 21, 47, 51]
   V1 C50: custo=269.3 rota=[0, 24, 41, 18, 15, 11, 12, 34, 22, 1, 47, 51]
   V2 C0: custo=60.4 rota=[0, 3, 5, 7, 8, 10, 11, 9, 6, 4, 2, 1, 51]
   V2 C1: custo=20.0 rota=[0, 20, 51]
   V2 C2: custo=104.8 rota=[0, 43, 24, 27, 8, 10, 6, 4, 1, 21, 51]
   V2 C3: custo=20.0 rota=[0, 20, 51]
   V2 C4: custo=90.8 rota=[0, 20, 24, 27, 29, 44, 46, 45, 26, 21, 51]
   V2 C5: custo=75.8 rota=[0, 20, 3, 7, 9, 6, 4, 1, 21, 51]
   V2 C6: custo=170.1 rota=[0, 3, 5, 41, 40, 44, 46, 48, 23, 22, 2, 47, 51]
   V2 C7: custo=196.4 rota=[0, 5, 18, 19, 29, 37, 45, 48, 23, 22, 49, 47, 51]
   V2 C8: custo=187.3 rota=[0, 3, 43, 27, 29, 46, 48, 36, 23, 22, 21, 47, 51]
   V2 C9: custo=193.3 rota=[0, 17, 18, 25, 27, 29, 11, 28, 23, 2, 1, 47, 51]
   V2 C10: custo=216.3 rota=[0, 43, 25, 41, 40, 28, 45, 48, 50, 2, 47, 51]
   V2 C11: custo=146.8 rota=[0, 33, 31, 41, 27, 30, 46, 45, 48, 50, 49, 47, 51]
   V2 C12: custo=160.6 rota=[0, 5, 25, 27, 15, 11, 9, 28, 22, 2, 1, 51]
   V2 C13: custo=138.7 rota=[0, 5, 7, 25, 29, 11, 9, 28, 23, 22, 21, 49, 47, 51]
   V2 C14: custo=215.1 rota=[0, 5, 7, 8, 27, 29, 11, 45, 23, 2, 21, 47, 51]
   V2 C15: custo=227.5 rota=[0, 17, 25, 31, 29, 11, 9, 23, 2, 22, 21, 47, 51]
   V2 C16: custo=160.7 rota=[0, 24, 25, 27, 29, 38, 39, 45, 36, 50, 49, 47, 51]
   V2 C17: custo=148.6 rota=[0, 24, 25, 31, 29, 30, 11, 28, 23, 22, 21, 49, 47, 51]
   V2 C18: custo=137.4 rota=[0, 5, 7, 8, 27, 29, 45, 48, 36, 23, 22, 21, 51]
   V2 C19: custo=177.0 rota=[0, 43, 41, 27, 10, 11, 30, 28, 23, 22, 2, 47, 51]
   V2 C20: custo=147.6 rota=[0, 43, 24, 31, 35, 37, 39, 28, 48, 50, 49, 47, 51]
   V2 C21: custo=159.8 rota=[0, 24, 25, 27, 40, 46, 45, 9, 4, 2, 22, 47, 51]
   V2 C22: custo=129.8 rota=[0, 24, 25, 27, 29, 30, 28, 45, 23, 22, 2, 1, 51]
   V2 C23: custo=158.5 rota=[0, 33, 25, 35, 29, 28, 26, 23, 22, 50, 47, 51]
   V2 C24: custo=165.0 rota=[0, 43, 44, 29, 38, 48, 23, 2, 51]
   V2 C25: custo=170.2 rota=[0, 3, 17, 18, 19, 16, 14, 28, 36, 22, 21, 47, 51]
   V2 C26: custo=131.0 rota=[0, 24, 25, 8, 10, 11, 16, 9, 4, 2, 21, 51]
   V2 C27: custo=169.5 rota=[0, 43, 25, 27, 35, 29, 30, 9, 23, 22, 49, 47, 51]
   V2 C28: custo=179.8 rota=[0, 17, 25, 27, 8, 11, 9, 14, 23, 22, 21, 47, 51]
   V2 C29: custo=231.0 rota=[0, 13, 33, 41, 35, 37, 38, 12, 22, 21, 51]
   V2 C30: custo=207.9 rota=[0, 43, 24, 7, 15, 29, 28, 39, 36, 22, 21, 49, 51]
   V2 C31: custo=290.6 rota=[0, 43, 25, 7, 40, 11, 39, 12, 22, 49, 47, 51]
   V2 C32: custo=249.9 rota=[0, 20, 41, 7, 11, 39, 45, 23, 34, 21, 47, 51]
   V2 C33: custo=188.2 rota=[0, 43, 41, 8, 10, 44, 38, 39, 34, 50, 49, 47, 51]
   V2 C34: custo=233.1 rota=[0, 20, 13, 7, 46, 16, 9, 22, 50, 49, 47, 51]
   V2 C35: custo=226.1 rota=[0, 17, 8, 29, 37, 46, 6, 23, 22, 21, 47, 51]
   V2 C36: custo=213.9 rota=[0, 3, 18, 31, 40, 45, 9, 23, 22, 49, 47, 51]
   V2 C37: custo=245.1 rota=[0, 5, 20, 27, 8, 16, 38, 39, 4, 21, 47, 51]
   V2 C38: custo=287.7 rota=[0, 13, 17, 31, 46, 14, 48, 34, 22, 21, 47, 51]
   V2 C39: custo=243.4 rota=[0, 17, 18, 8, 10, 29, 12, 48, 34, 49, 47, 51]
   V2 C40: custo=272.2 rota=[0, 3, 42, 41, 44, 28, 9, 12, 50, 1, 47, 51]
   V2 C41: custo=167.5 rota=[0, 24, 42, 40, 27, 39, 9, 6, 23, 22, 21, 51]
   V2 C42: custo=258.8 rota=[0, 3, 43, 27, 37, 15, 9, 36, 22, 49, 47, 51]
   V2 C43: custo=231.0 rota=[0, 43, 17, 18, 8, 29, 14, 6, 4, 22, 49, 47, 51]
   V2 C44: custo=225.7 rota=[0, 20, 13, 37, 10, 11, 4, 34, 22, 47, 51]
   V2 C45: custo=227.0 rota=[0, 43, 13, 25, 10, 15, 39, 26, 23, 22, 47, 51]
   V2 C46: custo=203.3 rota=[0, 3, 32, 41, 40, 30, 45, 48, 50, 22, 49, 47, 51]
   V2 C47: custo=243.1 rota=[0, 17, 5, 7, 8, 10, 14, 39, 34, 22, 1, 47, 51]
   V2 C48: custo=278.4 rota=[0, 3, 17, 8, 35, 30, 4, 34, 50, 21, 47, 51]
   V2 C49: custo=269.3 rota=[0, 24, 41, 18, 15, 11, 12, 34, 22, 1, 47, 51]
   V3 C0: custo=95.8 rota=[0, 13, 17, 18, 19, 15, 16, 14, 12, 51]
   V3 C1: custo=20.0 rota=[0, 20, 51]
   V3 C2: custo=20.0 rota=[0, 20, 51]
   V3 C3: custo=75.8 rota=[0, 20, 3, 7, 9, 6, 4, 1, 21, 51]
   V3 C4: custo=138.7 rota=[0, 5, 7, 25, 29, 11, 9, 28, 23, 22, 21, 49, 47, 51]
   V3 C5: custo=177.0 rota=[0, 43, 41, 27, 10, 11, 30, 28, 23, 22, 2, 47, 51]
   V3 C6: custo=129.8 rota=[0, 24, 25, 27, 29, 30, 28, 45, 23, 22, 2, 1, 51]
   V3 C7: custo=158.5 rota=[0, 33, 25, 35, 29, 28, 26, 23, 22, 50, 47, 51]
   V3 C8: custo=165.0 rota=[0, 43, 44, 29, 38, 48, 23, 2, 51]
   V3 C9: custo=170.2 rota=[0, 3, 17, 18, 19, 16, 14, 28, 36, 22, 21, 47, 51]
   V3 C10: custo=131.0 rota=[0, 24, 25, 8, 10, 11, 16, 9, 4, 2, 21, 51]
   V3 C11: custo=169.5 rota=[0, 43, 25, 27, 35, 29, 30, 9, 23, 22, 49, 47, 51]
   V3 C12: custo=231.0 rota=[0, 13, 33, 41, 35, 37, 38, 12, 22, 21, 51]
   V3 C13: custo=207.9 rota=[0, 43, 24, 7, 15, 29, 28, 39, 36, 22, 21, 49, 51]
   V3 C14: custo=249.9 rota=[0, 20, 41, 7, 11, 39, 45, 23, 34, 21, 47, 51]
   V3 C15: custo=233.1 rota=[0, 20, 13, 7, 46, 16, 9, 22, 50, 49, 47, 51]
   V3 C16: custo=226.1 rota=[0, 17, 8, 29, 37, 46, 6, 23, 22, 21, 47, 51]
   V3 C17: custo=213.9 rota=[0, 3, 18, 31, 40, 45, 9, 23, 22, 49, 47, 51]
   V3 C18: custo=272.2 rota=[0, 3, 42, 41, 44, 28, 9, 12, 50, 1, 47, 51]
   V3 C19: custo=167.5 rota=[0, 24, 42, 40, 27, 39, 9, 6, 23, 22, 21, 51]
   V3 C20: custo=278.4 rota=[0, 3, 17, 8, 35, 30, 4, 34, 50, 21, 47, 51]
   V3 C21: custo=269.3 rota=[0, 24, 41, 18, 15, 11, 12, 34, 22, 1, 47, 51]
   V4 C0: custo=50.7 rota=[0, 20, 24, 25, 27, 29, 30, 28, 26, 23, 22, 21, 51]
   V4 C1: custo=20.0 rota=[0, 20, 51]
   V4 C2: custo=104.8 rota=[0, 43, 24, 27, 8, 10, 6, 4, 1, 21, 51]
   V4 C3: custo=20.0 rota=[0, 20, 51]
   V4 C4: custo=90.8 rota=[0, 20, 24, 27, 29, 44, 46, 45, 26, 21, 51]
   V4 C5: custo=75.8 rota=[0, 20, 3, 7, 9, 6, 4, 1, 21, 51]
   V4 C6: custo=129.8 rota=[0, 24, 25, 27, 29, 30, 28, 45, 23, 22, 2, 1, 51]
   V4 C7: custo=158.5 rota=[0, 33, 25, 35, 29, 28, 26, 23, 22, 50, 47, 51]
   V4 C8: custo=165.0 rota=[0, 43, 44, 29, 38, 48, 23, 2, 51]
   V4 C9: custo=170.2 rota=[0, 3, 17, 18, 19, 16, 14, 28, 36, 22, 21, 47, 51]
   V4 C10: custo=131.0 rota=[0, 24, 25, 8, 10, 11, 16, 9, 4, 2, 21, 51]
   V4 C11: custo=179.8 rota=[0, 17, 25, 27, 8, 11, 9, 14, 23, 22, 21, 47, 51]
   V4 C12: custo=231.0 rota=[0, 13, 33, 41, 35, 37, 38, 12, 22, 21, 51]
   V4 C13: custo=234.4 rota=[0, 42, 43, 8, 11, 39, 14, 12, 2, 21, 49, 51]
   V4 C14: custo=207.0 rota=[0, 17, 24, 25, 44, 46, 30, 39, 36, 2, 1, 51]
   V4 C15: custo=207.9 rota=[0, 43, 24, 7, 15, 29, 28, 39, 36, 22, 21, 49, 51]
   V4 C16: custo=249.9 rota=[0, 20, 41, 7, 11, 39, 45, 23, 34, 21, 47, 51]
   V4 C17: custo=233.1 rota=[0, 20, 13, 7, 46, 16, 9, 22, 50, 49, 47, 51]
   V4 C18: custo=167.5 rota=[0, 24, 42, 40, 27, 39, 9, 6, 23, 22, 21, 51]
   V4 C19: custo=278.4 rota=[0, 3, 17, 8, 35, 30, 4, 34, 50, 21, 47, 51]
   V4 C20: custo=269.3 rota=[0, 24, 41, 18, 15, 11, 12, 34, 22, 1, 47, 51]
